Defaulter,Monthly_Income,Total_outstanding_loans
YES,2640.0,83173.999786377
YES,4290.0,52678.0014038086
NO,2930.0,79033.00094604491
YES,3850.0,78513.9999389648
YES,3900.0,59125.9994506836
YES,1100.0,30482.0022583008
YES,2030.0,19289.001464843703
YES,1760.0,44854.00009155271
YES,1720.0,47353.000640869104
YES,2480.0,24928.001403808594
YES,1870.0,70225.9998321533
YES,1960.0,65495.998382568396
YES,2090.0,36195.99914550779
YES,1790.0,26396.003723144502
YES,3300.0,32345.00122070311
YES,3200.0,19339.9963378906
YES,3560.0,47818.000793457
YES,3570.0,47818.000793457
YES,2670.0,49465.99960327151
YES,2170.0,68577.99911499019
YES,3210.0,66991.00112915039
YES,2460.0,62129.001617431604
YES,2750.0,51626.99890136722
YES,2580.0,52691.001892089786
YES,3380.0,32214.99633789061
YES,2660.0,18861.999511718703
YES,1510.0,4540.0009155273
YES,2870.0,-14417.999267577994
YES,4070.0,-57628.997802734004
YES,1640.0,-51919.99816894499
YES,3510.0,-7691.001892090004
YES,4170.0,-5667.999267577994
YES,3630.0,-5625.999450683987
NO,2200.0,-7691.001892090004
NO,4190.0,-7691.001892090004
YES,3520.0,-25317.001342772997
NO,3080.0,-7691.001892090004
YES,2260.0,-7691.001892090004
YES,2510.0,-7691.001892090004
NO,1050.0,-7691.001892090004
YES,2250.0,-7691.001892090004
YES,2090.0,45430.0003051758
YES,4170.0,45430.0003051758
YES,1330.0,45430.0003051758
YES,2100.0,45430.0003051758
YES,4220.0,45430.0003051758
NO,2480.0,96381.99996948242
YES,2520.0,41833.0001831055
YES,530.0,27653.999328613296
YES,3480.0,59681.999206543005
YES,3200.0,32780.9982299805
NO,4490.0,986.9995117187063
YES,4360.0,-15913.002014159994
YES,3990.0,28200.9963989258
YES,4260.0,-41535.995483398
YES,3190.0,15353.996276855498
YES,2310.0,34068.000793457
YES,150.0,32059.997558593706
YES,1820.0,35302.001953125
YES,-60.0,37365.001678466804
YES,2310.0,52090.99960327151
YES,4430.0,75996.9997406006
YES,450.0,82017.9996490479
NO,1090.0,88852.99968719481
YES,4110.0,60022.99880981449
NO,4000.0,30869.003295898397
YES,4050.0,62347.000122070305
YES,1450.0,67929.00085449219
YES,480.0,80916.0003662109
YES,240.0,76087.9993438721
YES,3010.0,71440.0005340576
NO,2150.0,78034.9998474121
NO,4190.0,8992.996215820298
YES,2150.0,73486.99951171869
YES,2820.0,76676.0005950928
YES,770.0,68408.00094604491
YES,3080.0,68676.0005950928
YES,3370.0,61151.0009765625
YES,-450.0,90873.99959564208
NO,3430.0,80618.00003051759
YES,3060.0,87538.9995574951
YES,3420.0,85062.9997253418
YES,4330.0,86781.0001373291
YES,3600.0,93170.00007629396
NO,3820.0,69593.9998626709
NO,4230.0,81448.9994049072
NO,4230.0,75170.9995269775
YES,3560.0,71329.0004730225
NO,4230.0,79128.99971008301
YES,4230.0,79879.9991607666
NO,4270.0,86505.9995651245
YES,3100.0,80808.0005645752
NO,4280.0,71354.00009155269
NO,4120.0,83833.9996337891
NO,3960.0,72572.00050354
NO,3790.0,84161.00025177
YES,3560.0,85581.9997787476
NO,4360.0,70722.0001220703
NO,4200.0,56055.999755859404
YES,3070.0,79770.0004577637
NO,4440.0,49908.0009460449
NO,3680.0,33120.002746582
NO,4480.0,30517.997741699204
NO,3810.0,51291.9998168945
NO,3820.0,77364.0003204346
NO,3740.0,89876.9998550415
NO,4120.0,57172.0008850098
NO,1840.0,78910.9992980957
NO,2880.0,52465.99960327151
YES,4240.0,84288.00010681151
NO,4440.0,87814.9995803833
NO,4380.0,76440.9999847412
YES,3970.0,98151.99995040895
NO,4220.0,9079.002380371094
NO,3980.0,6171.9970703125
NO,4350.0,17893.997192382798
YES,2710.0,53043.9987182617
YES,3400.0,75790.0009155273
YES,4180.0,56709.999084472714
YES,3560.0,74853.0006408691
YES,4030.0,85395.99990844731
NO,4110.0,98598.99997711182
YES,3610.0,91789.99996185304
YES,4170.0,81131.99996948241
YES,4430.0,76599.0009307861
YES,3530.0,81468.0004119873
YES,3890.0,63713.0012512207
YES,2620.0,59501.998901367195
NO,1030.0,9429.000854492202
YES,1490.0,-15157.997131347993
NO,1310.0,-12762.001037597993
YES,2050.0,6569.000244140581
NO,1790.0,2782.9971313477004
YES,1350.0,11654.998779296919
YES,580.0,58895.9999084473
YES,880.0,53759.9983215332
YES,1380.0,34646.0037231445
YES,1200.0,56264.9993896484
YES,540.0,38429.00085449221
YES,960.0,21584.9990844727
YES,1680.0,36498.00109863279
NO,2930.0,30731.002807617202
YES,3570.0,42070.99914550779
YES,2700.0,14612.9989624023
YES,3590.0,-10609.00115966801
YES,2660.0,-11489.997863770011
YES,3500.0,-76197.00622558602
NO,3560.0,-72108.001708984
NO,3460.0,-77802.99377441398
YES,3650.0,77329.0004730225
YES,4460.0,72118.9994812012
YES,3830.0,80739.99977111821
NO,3980.0,75500.0
YES,3890.0,93367.00010299684
NO,4480.0,92959.00011062624
NO,4440.0,69686.0008239746
YES,4390.0,78020.99990844731
YES,2830.0,89541.99981689449
NO,4390.0,25000.999450683594
YES,4040.0,18028.999328613296
YES,4060.0,7823.997497558594
YES,4070.0,-6608.001708983997
NO,3980.0,-3060.997009277009
NO,3760.0,13394.996643066406
NO,3580.0,-10561.996459960996
NO,3690.0,-22325.996398926
NO,4170.0,-22018.997192382998
NO,2360.0,42367.000579834006
NO,3160.0,60403.9993286133
NO,2520.0,60484.001159668005
NO,3730.0,78444.9996948242
NO,4310.0,48251.99890136722
YES,4390.0,86479.00009155269
NO,4110.0,68545.9995269775
YES,4250.0,10569.00024414058
NO,4190.0,80736.0000610352
NO,3190.0,46637.001037597714
NO,3750.0,69871.000289917
YES,3880.0,72863.00086975099
YES,4290.0,71288.00010681151
YES,2840.0,79360.0006103516
YES,3300.0,63250.0
YES,3160.0,50319.9996948242
NO,3740.0,-2710.9985351560026
NO,2470.0,-8615.997314452994
NO,2050.0,3564.0029907227004
NO,4380.0,-861.0000610349962
YES,1990.0,-37899.993896484
NO,2440.0,-24670.997619629008
YES,3030.0,-51065.99426269499
NO,3800.0,-21575.996398926
NO,4110.0,67150.00152587889
NO,4480.0,91453.00006866457
YES,2510.0,72025.9990692139
YES,3750.0,70541.9998168945
NO,3870.0,80340.00015258789
YES,3870.0,52291.0003662109
YES,4480.0,28476.997375488296
YES,4120.0,32823.997497558616
NO,1520.0,30032.9971313477
NO,4440.0,16428.001403808594
NO,3650.0,28574.996948242202
YES,3330.0,28574.996948242202
NO,3080.0,28574.996948242202
NO,2590.0,-90287.994384766
NO,2640.0,-86304.99267578099
NO,2590.0,-118300.00305175803
YES,3540.0,46456.0012817383
YES,3000.0,36397.9988098145
YES,3680.0,32507.003784179702
YES,3250.0,33263.9999389648
YES,3160.0,52004.001617431604
NO,3280.0,45583.9996337891
NO,3230.0,5277.000427245992
YES,2230.0,29225.997924804702
YES,4270.0,88751.0004043579
YES,4310.0,95119.99988555908
NO,4420.0,81857.0003509521
YES,4480.0,84220.9997177124
YES,4380.0,99613.00000548363
YES,1670.0,85034.9998474121
NO,4490.0,75322.9999542236
NO,3740.0,82493.00003051759
YES,4400.0,77118.00003051759
YES,4410.0,93203.99999618529
YES,4340.0,91003.99971008301
YES,4260.0,97591.00008010863
YES,4290.0,90694.00024414062
YES,4140.0,78003.999710083
NO,4490.0,85923.0003356934
YES,4420.0,70350.9998321533
NO,4450.0,88623.0001449585
YES,3740.0,70458.9996337891
NO,4480.0,66632.999420166
NO,4170.0,73284.9998474121
NO,4430.0,78881.99996948241
NO,4470.0,28517.997741699204
NO,4330.0,28362.9989624023
YES,1500.0,76169.0006256104
YES,2200.0,94271.99983596803
YES,4230.0,84185.0004196167
YES,4260.0,67412.99819946289
YES,4230.0,59868.99948120121
YES,3420.0,50361.9995117187
YES,4200.0,75113.00086975099
NO,4450.0,52328.9985656738
YES,4100.0,43409.000396728494
NO,4480.0,25883.003234863296
YES,2410.0,18151.0009765625
YES,3730.0,13905.998229980512
NO,4030.0,28194.0002441406
NO,3530.0,38255.00106811521
NO,3970.0,74954.9999237061
NO,4070.0,80070.9991455078
NO,4210.0,49881.0005187988
NO,4340.0,46183.998107910214
NO,4150.0,66497.00164794919
NO,4070.0,41644.0010070801
NO,3580.0,82045.9995269775
NO,4250.0,71972.99957275389
NO,3540.0,68332.0007324219
NO,3840.0,65562.9997253418
NO,3830.0,49048.000335693396
YES,4170.0,39247.0016479492
YES,3760.0,25123.001098632798
YES,1920.0,42040.000915527286
YES,1410.0,38375.9994506836
YES,3040.0,23933.9981079102
YES,3330.0,-5866.996765137011
NO,3310.0,-12675.003051758003
NO,2290.0,-97134.99450683601
NO,3730.0,-204096.98486328093
NO,3570.0,-239531.005859375
NO,4000.0,29728.996276855498
NO,4480.0,7255.996704101606
NO,4350.0,44078.9985656738
NO,4300.0,49171.0014343262
NO,4490.0,62398.998260497996
NO,3980.0,82069.0002441406
YES,2950.0,88182.99961090092
YES,4230.0,81202.99911499019
YES,3800.0,82424.9992370605
YES,4380.0,77556.999206543
YES,3690.0,72974.0009307861
YES,3210.0,82860.0006103516
YES,4440.0,74545.9995269775
YES,4230.0,54423.99978637701
YES,4340.0,47238.9984130859
YES,3900.0,69458.9996337891
YES,4180.0,83600.9998321533
YES,2780.0,70680.9997558594
YES,2180.0,63938.9991760254
NO,4360.0,77392.9996490479
YES,3740.0,72858.99925231929
YES,3470.0,90553.00045013428
YES,3200.0,83302.99949646
YES,3760.0,49522.99880981449
NO,4070.0,90776.00002288818
YES,4460.0,93068.99976730348
YES,4180.0,72708.0001831055
YES,4390.0,74704.9999237061
NO,4290.0,47287.9981994629
YES,4190.0,48270.999908447295
YES,4350.0,31428.001403808612
YES,4320.0,76320.9991455078
YES,3740.0,54798.000335693396
YES,4080.0,90831.00032806396
YES,3750.0,83628.99971008301
YES,3840.0,80583.0001831055
YES,4240.0,42207.0007324219
YES,3800.0,56728.000640869104
NO,4100.0,80159.99984741211
YES,4480.0,94820.00017166136
YES,4470.0,57314.998626709006
NO,4360.0,94837.99982070924
YES,3040.0,61035.9992980957
YES,4410.0,41902.0004272461
YES,3520.0,38409.9998474121
YES,3220.0,67405.9982299805
YES,3590.0,69836.0004425049
YES,3500.0,81478.0006408691
YES,3140.0,75225.0003814697
YES,3400.0,64563.9991760254
YES,4300.0,68659.0003967285
NO,4490.0,84428.9999008179
YES,2520.0,72826.9996643066
YES,4370.0,50965.99960327151
YES,3930.0,-35320.00732421901
NO,4290.0,62222.000122070305
YES,3880.0,96220.99995613098
NO,4470.0,50831.0012817383
NO,4420.0,49276.0009765625
YES,3690.0,73783.00094604491
YES,3510.0,79086.0004425049
YES,4140.0,96687.99996376038
YES,4360.0,64284.9998474121
YES,3560.0,47708.0001831055
NO,3480.0,39854.00009155271
YES,3730.0,55539.0014648437
NO,2830.0,29977.99682617189
NO,3270.0,4192.001342773394
YES,3070.0,-21763.999938965004
YES,2800.0,-27566.001892090004
YES,3400.0,-20152.999877929997
YES,3350.0,33785.00366210939
NO,4190.0,45027.0004272461
NO,3140.0,26785.003662109404
NO,3070.0,66633.99887084961
YES,3100.0,12685.9970092773
NO,940.0000000000003,4691.0018920898
YES,969.9999999999997,-28095.001220702983
YES,3440.0,-9777.000427245992
NO,2470.0,-38578.994750977
NO,1590.0,-62264.007568359004
NO,2790.0,-55785.995483398
NO,2080.0,-5651.000976562996
NO,2940.0,6038.0020141602
YES,1110.0,27898.002624511704
YES,2120.0,44451.000213622996
NO,3610.0,50304.00085449222
YES,2930.0,54488.9984130859
NO,3540.0,49417.999267578096
YES,3490.0,18793.998718261704
NO,1770.0,4228.996276855512
YES,790.0,23491.996765136704
YES,2510.0,43361.9995117187
YES,4220.0,61018.001556396506
YES,2680.0,69163.00010681151
YES,3570.0,39280.9982299805
YES,3290.0,70399.0001678467
YES,3010.0,22864.997863769502
YES,2520.0,4900.001525879008
YES,710.0,49606.99844360349
YES,1120.0,50278.9993286133
YES,1960.0,27470.001220703096
YES,1640.0,74322.9999542236
YES,1560.0,91975.99983215332
NO,3620.0,36320.99914550779
NO,3100.0,46685.001373290994
YES,2210.0,54021.999359130896
YES,1270.0,30382.003784179702
YES,2960.0,27782.9971313477
YES,2910.0,44448.001861572295
YES,2370.0,18621.0021972656
YES,1700.0,18867.996215820294
YES,1750.0,48291.0003662109
YES,3470.0,44221.0006713867
YES,2400.0,73027.00042724611
YES,3000.0,71784.9998474121
YES,2180.0,28039.001464843706
YES,2440.0,24473.9990234375
NO,1380.0,54930.0003051758
YES,-250.0,19319.999694824204
YES,3410.0,3059.997558593707
YES,2790.0,-15327.003479004008
YES,2580.0,-8546.997070312995
YES,2640.0,13063.003540039004
YES,3780.0,5858.001708984419
YES,1070.0,18103.996276855494
NO,70.0,45040.000915527286
YES,3090.0,53389.9993896484
YES,2670.0,31926.002502441388
YES,2820.0,-2398.0026245120102
YES,230.0,-7369.003295898001
YES,1210.0,15115.997314453096
YES,1520.0,15109.001159667998
NO,1980.0,41317.0013427734
YES,2290.0,31685.9970092773
YES,2660.0,61219.001770019495
YES,1850.0,18241.996765136704
YES,2440.0,-2953.002929687995
YES,1660.0,-7480.003356933987
YES,2680.0,-20094.00177002001
YES,1380.0,-35000.0
YES,3980.0,28226.997375488296
YES,1740.0,66803.00140380861
YES,3390.0,52987.998962402286
YES,3840.0,39638.0004882812
NO,3990.0,-28848.999023437984
NO,4330.0,-44070.999145508016
NO,1830.0,-10425.003051758002
NO,2560.0,-13009.002685547006
NO,2740.0,21024.002075195294
YES,3350.0,47069.9996948242
YES,1140.0,85994.9998855591
YES,1680.0,81523.0007171631
YES,1810.0,38042.9992675781
YES,1580.0,33935.9970092773
YES,3340.0,39687.999725341804
YES,1650.0,25079.002380371094
YES,1910.0,26161.003112792998
YES,1410.0,38827.99911499021
YES,1120.0,89190.9999847412
YES,2060.0,34097.0001220703
YES,4050.0,65472.00012207031
YES,2400.0,36090.99960327151
YES,1760.0,25151.0009765625
YES,1680.0,18444.999694824204
YES,1740.0,33563.00354003899
YES,1730.0,39541.0003662109
YES,1600.0,56514.9993896484
YES,2090.0,-16441.001892090004
YES,3520.0,15125.999450683594
YES,650.0,37708.0001831055
YES,3130.0,29897.00317382811
YES,1990.0,39438.9991760254
NO,1950.0,54787.9981994629
YES,2380.0,50301.998138427705
YES,1740.0,67550.99868774411
YES,3080.0,52980.9989929199
YES,1560.0,37381.0005187988
YES,2430.0,69820.9991455078
YES,2030.0,52353.000640869104
NO,2050.0,47901.0009765625
YES,2720.0,4926.002502441406
YES,1830.0,19296.9970703125
YES,1310.0,19572.998046875
NO,1920.0,18416.999816894506
YES,2140.0,52660.9992980957
NO,3050.0,55049.999237060496
YES,3220.0,70285.9992980957
NO,2800.0,54445.99914550778
YES,3290.0,68444.9996948242
NO,1140.0,41776.0009765625
YES,1550.0,59165.000915527286
YES,1030.0,52153.9993286133
YES,3610.0,90227.00023651123
NO,190.0,-85205.00183105501
YES,2920.0,17375.0
NO,2510.0,-12705.001831054993
NO,3170.0,1971.0006713867042
NO,3760.0,-12143.997192383003
NO,3620.0,-33436.00463867201
NO,3460.0,-63552.001953125
NO,4470.0,81853.0006408691
NO,4100.0,72754.9991607666
NO,2960.0,84111.0000610352
YES,4390.0,94783.99991989137
NO,4450.0,88725.9998321533
NO,4480.0,90779.99973297119
NO,4230.0,76323.9994049072
NO,4330.0,76323.9994049072
NO,4330.0,64497.0016479492
NO,4360.0,68889.9993896484
NO,4430.0,75565.0005340576
YES,4240.0,75565.0005340576
YES,4250.0,75565.0005340576
YES,4100.0,75565.0005340576
NO,4380.0,75565.0005340576
YES,2740.0,76482.0003509521
YES,3770.0,69864.0003204346
NO,3790.0,71613.00086975099
YES,2670.0,93863.9998435974
NO,3800.0,93863.9998435974
YES,2620.0,75565.0005340576
YES,2180.0,75565.0005340576
NO,1710.0,93863.9998435974
NO,3480.0,93863.9998435974
NO,4460.0,44216.9990539551
NO,4140.0,88392.0001983643
YES,2700.0,80287.0006561279
YES,3330.0,75825.0007629395
NO,2700.0,96285.00008583069
YES,4140.0,69169.0006256104
NO,4470.0,87435.99987030031
NO,3370.0,87435.99987030031
NO,2950.0,87435.99987030031
NO,3290.0,41348.9990234375
NO,4460.0,54856.99844360349
YES,3530.0,93671.99993133543
YES,4270.0,93671.99993133543
YES,4390.0,93671.99993133543
YES,4410.0,93671.99993133543
YES,4140.0,75867.000579834
NO,1470.0,5652.999877929702
NO,1320.0,23513.9999389648
NO,4070.0,42772.9988098145
NO,4420.0,54389.9993896484
YES,3780.0,56618.0000305176
NO,3760.0,93671.00000381471
NO,4410.0,76900.9990692139
NO,3330.0,83642.0001983643
NO,3840.0,74288.9995574951
NO,3900.0,52512.001037597714
NO,4280.0,96592.99993515016
NO,3990.0,94642.00019836426
NO,3920.0,37498.00109863279
NO,3970.0,72129.9991607666
YES,4420.0,51765.998840332
NO,4490.0,68218.0004119873
YES,4360.0,96747.99990653992
YES,2620.0,96747.99990653992
NO,3470.0,96747.99990653992
YES,2280.0,96747.99990653992
YES,1160.0,96747.99990653992
NO,4080.0,96747.99990653992
NO,4360.0,96747.99990653992
NO,4440.0,86333.0001831055
YES,4440.0,78826.000213623
NO,1450.0,87220.9997177124
NO,4450.0,49633.9988708496
YES,4420.0,70500.99945068361
NO,4430.0,65691.0018920898
NO,4470.0,95125.0
YES,4360.0,84208.9996337891
NO,4440.0,83864.99977111821
NO,4290.0,92821.00009918213
NO,4250.0,79795.9995269775
NO,4310.0,78736.0000610352
NO,4180.0,67202.99911499019
NO,4070.0,72048.999786377
NO,4480.0,66422.00088500981
YES,4430.0,85194.9996948242
NO,4310.0,88805.0003051758
NO,4490.0,89795.9995269775
YES,4180.0,78850.0003814697
YES,4300.0,84171.9999313354
YES,4040.0,91432.99961090088
YES,4470.0,85229.00009155269
NO,4280.0,61159.9998474121
NO,4320.0,66791.9998168945
NO,4190.0,92467.99993515016
NO,4300.0,61271.999359130896
YES,3960.0,95877.99978256227
YES,2280.0,75568.000793457
YES,3760.0,75641.00074768071
YES,4400.0,91803.99990081787
YES,4290.0,96092.0000076294
NO,2340.0,90994.00043487547
YES,3500.0,77778.9993286133
YES,3170.0,81660.9992980957
YES,4490.0,85859.9996566772
NO,4050.0,80603.0006408691
NO,4390.0,74992.000579834
NO,3870.0,67873.00109863281
YES,1740.0,81583.9996337891
YES,3830.0,83363.00086975099
YES,4320.0,77045.0000762939
YES,4480.0,84704.9999237061
YES,4340.0,76635.9996795654
NO,4490.0,52973.9990234375
NO,3790.0,63891.998291015596
NO,4410.0,13021.003723144488
YES,4010.0,61096.0006713867
YES,4340.0,80676.0005950928
NO,4490.0,98353.99997234343
YES,3850.0,81406.9995880127
NO,4320.0,79948.9994049072
NO,4470.0,88170.0000762939
NO,4370.0,66695.99914550781
YES,2950.0,91979.00009155273
NO,4270.0,80184.0000152588
NO,4090.0,78732.0003509521
NO,4180.0,82507.999420166
NO,4330.0,70285.9992980957
YES,4150.0,74214.0007019043
NO,4190.0,76104.9995422363
NO,4410.0,88418.99967193599
NO,4350.0,73149.9996185303
NO,4470.0,86421.9999313354
NO,4420.0,74299.9992370605
NO,4440.0,87930.0003051758
NO,4050.0,92306.00023269652
NO,4390.0,77844.9993133545
NO,4280.0,91171.99993133543
YES,4300.0,80356.0009002686
NO,4420.0,63606.998443603494
NO,3970.0,60941.001892089786
YES,4330.0,48109.001159668
YES,4430.0,69447.9999542236
NO,4150.0,65694.99969482419
YES,4280.0,59606.998443603494
YES,4220.0,83187.0002746582
NO,4480.0,73802.0000457764
NO,4460.0,88300.0001907349
NO,4390.0,48534.000396728494
YES,3900.0,-31770.99609375
YES,3930.0,-19158.996582031003
YES,4350.0,-28785.995483398012
YES,3750.0,-1017.9977416990004
YES,3810.0,85.99853515620634
NO,3790.0,9541.99981689449
YES,4240.0,20804.0008544922
NO,4100.0,34040.0009155273
YES,3850.0,19106.0028076172
NO,4420.0,49470.001220703096
YES,2050.0,75975.0003814697
YES,2290.0,18016.9982910156
NO,4040.0,28918.998718261704
YES,2660.0,16565.002441406206
YES,2630.0,15696.998596191406
YES,3660.0,91486.00006103516
YES,1840.0,-22855.00335693399
NO,3600.0,76930.0003051758
YES,1820.0,-14658.996582031003
NO,2050.0,-26319.000244141007
NO,1730.0,-36210.00671386698
NO,3070.0,-55419.99816894499
NO,2140.0,-78755.996704102
NO,2720.0,41352.001190185496
YES,2930.0,86125.0
YES,1500.0,74117.000579834
YES,460.0,69319.0002441406
YES,1080.0,63937.0002746582
YES,3350.0,71815.9999847412
YES,2930.0,52168.9987182617
YES,2030.0,74200.0007629395
YES,1090.0,50852.001190185496
YES,1710.0,51790.000915527286
YES,2390.0,64497.0016479492
YES,2370.0,61588.0012512207
YES,3460.0,33697.998046875
YES,2390.0,45316.001892089786
YES,4100.0,81981.0009002686
YES,2560.0,55846.0006713867
YES,2280.0,52585.9985351562
YES,1140.0,66575.00076293951
YES,3740.0,44423.000335693396
YES,1020.0,66883.99887084961
YES,2780.0,88550.9996414185
NO,2720.0,71260.9996795654
YES,3380.0,76764.9993896484
YES,3920.0,72899.9996185303
YES,3220.0,76166.0003662109
YES,4400.0,74330.9993743896
YES,4370.0,85833.9996337891
YES,2900.0,71520.0004577637
YES,2940.0,83034.9998474121
YES,2020.0,74386.99913024901
YES,2880.0,64110.0006103516
YES,3290.0,86701.000213623
YES,2560.0,74340.0001525879
YES,2410.0,70978.0006408691
NO,3080.0,68370.0008392334
YES,3080.0,76055.0003051758
YES,4170.0,44167.999267578096
YES,3240.0,49549.999237060496
YES,3160.0,42563.9991760254
YES,2860.0,10733.00170898442
YES,2520.0,-22836.997985840004
NO,3300.0,-44634.994506835996
YES,1670.0,-66294.00634765599
NO,3220.0,-57240.005493164004
YES,2850.0,-51139.007568359004
YES,3640.0,-57932.998657227
YES,3050.0,-65998.00109863303
YES,580.0,-88102.00500488303
YES,3610.0,-74514.999389648
YES,4380.0,34300.0030517578
YES,3370.0,38875.0
NO,4140.0,74753.0002593994
NO,4080.0,97760.99991798401
NO,4490.0,74461.99989318849
NO,3040.0,90597.9995727539
NO,4090.0,72805.9997558594
YES,4400.0,74096.0006713867
YES,4270.0,81985.0006103516
YES,4370.0,90939.00012969966
NO,1530.0,69489.99977111821
YES,3810.0,48726.001739502004
YES,3690.0,64108.001708984404
YES,4100.0,57450.000762939504
YES,2610.0,69884.0007781982
YES,2690.0,72139.9993896484
YES,3790.0,54486.000061035214
YES,3940.0,57464.0007019043
YES,2830.0,51395.999908447295
YES,3180.0,56268.001556396506
YES,3490.0,68910.9992980957
YES,3400.0,64657.00149536129
YES,4150.0,67898.99826049799
YES,3560.0,69555.0003051758
YES,3360.0,56923.000335693396
YES,4320.0,71632.999420166
YES,3320.0,71257.999420166
YES,3360.0,76868.9994812012
YES,4290.0,84994.9998855591
YES,3690.0,54935.001373290994
YES,3850.0,48375.0
YES,3970.0,91446.99954986572
YES,2750.0,91282.9999923706
YES,3580.0,95353.00016403197
NO,4380.0,79936.00082397461
YES,1960.0,81783.00094604491
YES,3610.0,67596.00067138669
NO,4480.0,51609.001159668
NO,3930.0,76351.9992828369
NO,4470.0,55416.0003662109
YES,4130.0,78038.9995574951
NO,3780.0,78038.9995574951
NO,4090.0,85996.9997406006
NO,4350.0,65506.0005187988
NO,2810.0,32760.002136230498
NO,2550.0,29461.9979858398
YES,3290.0,8016.998291015581
YES,2110.0,64421.00143432621
YES,2270.0,64421.00143432621
YES,3450.0,95585.99996566774
YES,3720.0,28592.0028686523
YES,3660.0,24766.9982910156
YES,2990.0,4819.000244140581
NO,2710.0,-2113.998413085996
NO,2410.0,-14486.999511718997
YES,1660.0,-13726.99737548799
YES,2240.0,-23794.99816894501
YES,2490.0,-13424.003601073999
YES,2580.0,-43070.999145508016
NO,1490.0,-52518.997192383016
YES,1810.0,-42869.003295898
YES,2420.0,-34600.006103516
YES,2820.0,-26942.001342772997
YES,490.0,-18816.001892090004
YES,1710.0,-10699.996948241998
YES,1690.0,10809.997558593706
NO,2020.0,20324.9969482422
YES,3930.0,-32945.999145508016
NO,2370.0,-25524.00207519501
NO,3710.0,-15388.999938965006
YES,1620.0,978.9962768555124
YES,4170.0,-17010.00213622999
YES,2440.0,24393.997192382798
NO,4440.0,30217.0028686523
NO,3410.0,47818.000793457
NO,2130.0,-34098.999023437995
NO,3890.0,4532.9971313477
NO,3910.0,35001.9989013672
NO,2110.0,56402.0004272461
NO,4330.0,66291.00036621091
NO,3920.0,79990.9992218018
NO,3290.0,77379.9991607666
NO,2170.0,-6488.998413085996
YES,2410.0,-37815.994262694985
YES,2800.0,-55507.99560546901
YES,2960.0,-52160.995483398
NO,3220.0,-102134.00268554699
NO,3060.0,-70427.993774414
NO,3640.0,-20763.999938965004
YES,1750.0,-31179.000854491984
NO,3620.0,27640.998840332002
YES,3490.0,49416.9998168945
NO,4160.0,24630.99670410159
NO,4020.0,20639.99938964841
NO,4100.0,6414.001464843706
NO,3680.0,19816.0018920898
NO,3410.0,17329.002380371094
NO,1930.0,29222.000122070298
NO,4150.0,65490.0016784668
NO,3710.0,43265.998840332
NO,2470.0,50379.001617431604
NO,3470.0,26095.001220703096
NO,3250.0,31219.001770019502
NO,3890.0,47070.99914550778
YES,1730.0,-34875.0
NO,2570.0,-50192.993164062995
NO,3430.0,-38024.002075194985
NO,2780.0,-19652.999877929997
NO,2050.0,-12577.003479004008
NO,3410.0,82582.0007324219
NO,2460.0,71287.0006561279
NO,3940.0,61776.0009765625
YES,4210.0,60324.001312255896
YES,2590.0,86734.0002059937
NO,3770.0,80909.0003967285
NO,3210.0,80256.0005187988
NO,2440.0,22560.9970092773
YES,2400.0,-32369.995117188
NO,1990.0,32926.002502441384
NO,2120.0,61147.99880981449
NO,2300.0,83218.9998626709
NO,1340.0,71236.99951171869
NO,4070.0,85756.99996948241
NO,3830.0,67043.99871826169
NO,540.0,61046.00143432621
NO,2890.0,32615.99731445311
NO,1830.0,17197.998046875
NO,1350.0,-4232.0022583009995
NO,3200.0,45847.00012207028
NO,-600.0,46786.9987487793
NO,820.0,68334.9990844727
YES,220.0,54055.999755859404
YES,929.9999999999997,62613.9984130859
YES,260.0,85373.0001449585
YES,190.0,72399.0001678467
YES,350.0,64116.0011291504
YES,3470.0,47807.9986572266
YES,2300.0,68378.999710083
YES,1110.0,17617.996215820298
NO,1560.0,2597.000122070298
NO,2260.0,-24050.003051757998
NO,1790.0,-26800.003051757998
YES,1830.0,-17899.002075195007
NO,3710.0,-15013.000488281003
NO,-810.0,90628.0002593994
YES,170.0,49402.99987792972
YES,520.0,82667.9992675781
YES,800.0,67575.00076293951
YES,3070.0,37805.0003051758
YES,4170.0,-8349.998474120992
YES,1140.0,32883.003234863296
YES,610.0,33501.9989013672
YES,1430.0,47208.0001831055
NO,1680.0,27902.000427246094
YES,1930.0,7011.001586914004
YES,929.9999999999997,27622.001647949204
YES,1370.0,-11593.002319335996
YES,1610.0,-12913.002014159994
YES,2390.0,15295.997619628906
YES,3710.0,32211.9979858398
YES,3030.0,3203.0029296875
YES,1690.0,18485.00061035159
YES,1320.0,5361.0000610352
YES,950.0,3517.997741699204
NO,1770.0,24887.0010375977
YES,360.0,42787.9981994629
YES,490.0,49743.9994812012
NO,3680.0,68899.9996185303
YES,4290.0,81962.9993438721
YES,3820.0,87977.99968719481
NO,4420.0,77135.00022888179
YES,3560.0,61610.0006103516
YES,4440.0,80739.99977111821
YES,4010.0,78627.0008087158
NO,3520.0,92142.00019836426
NO,3540.0,64835.9985351562
YES,3380.0,36993.9994812012
NO,3280.0,27775.001525878906
NO,3680.0,25339.9963378906
NO,4000.0,41603.000640869104
YES,4260.0,49181.999206543
YES,3930.0,58609.001159668005
YES,3900.0,60453.99856567379
YES,4390.0,69417.9992675781
YES,4070.0,74271.9993591309
YES,3700.0,73395.0004577637
YES,4300.0,83420.9995269775
NO,3730.0,80945.9991455078
YES,4360.0,89418.99967193599
NO,4360.0,80422.00088500981
YES,4270.0,89060.9998703003
NO,4460.0,90576.99966430664
YES,4390.0,81062.9997253418
YES,4140.0,76197.9999542236
NO,3950.0,84289.999961853
YES,3770.0,67001.99890136719
NO,4330.0,67800.99868774411
YES,4340.0,-2055.999755858997
NO,4430.0,87149.9996185303
NO,4450.0,78097.99957275389
YES,2660.0,58666.0003662109
YES,3690.0,57689.998626709006
YES,4130.0,60488.9984130859
YES,4290.0,83367.000579834
YES,4340.0,75051.0005950928
NO,3530.0,57909.9998474121
NO,4120.0,51073.001861572295
YES,4140.0,85477.99968719481
YES,4180.0,50354.9995422363
NO,4310.0,43178.0014038086
NO,4390.0,84399.0001678467
NO,3990.0,56972.9995727539
YES,3500.0,56492.000579834006
YES,3810.0,21278.999328613296
YES,3440.0,47265.998840332
YES,3610.0,51442.0013427734
YES,4360.0,78107.9998016357
YES,4400.0,75934.0000152588
YES,4180.0,73573.9994049072
YES,3810.0,43375.9994506836
YES,4070.0,64924.999237060496
YES,3900.0,70422.00088500981
NO,3530.0,78659.99984741211
YES,3420.0,78990.9992218018
YES,2960.0,92061.99979782103
NO,4460.0,64839.000701904304
YES,4280.0,89939.00012969969
YES,4310.0,53743.9994812012
NO,3590.0,51395.0004577637
NO,4150.0,75621.9997406006
NO,3680.0,72408.00094604491
NO,3110.0,56469.0017700195
NO,3490.0,8355.003356933594
YES,3140.0,7132.003784179702
YES,-1760.0,29098.9990234375
YES,1810.0,32503.99780273439
YES,-1320.0,72593.0004119873
YES,2600.0,42840.99960327151
YES,4120.0,80381.0005187988
NO,4460.0,88699.0003585815
YES,4200.0,58484.001159668005
NO,4260.0,86883.0003738403
YES,800.0,73166.9998168945
YES,3570.0,76627.0008087158
YES,2310.0,97105.00001907347
NO,4260.0,95406.0001373291
YES,4370.0,57779.998779296904
YES,4170.0,39636.0015869141
NO,3880.0,30845.00122070311
YES,3840.0,40340.99960327151
NO,4070.0,42712.0018005371
YES,3780.0,43743.9994812012
NO,3910.0,83219.99931335449
NO,3330.0,65909.99984741211
YES,3910.0,66832.0007324219
YES,4030.0,87994.0004348755
NO,3750.0,48485.0006103516
YES,3340.0,39706.0012817383
NO,3850.0,72188.9991760254
YES,3850.0,55080.00183105472
NO,3790.0,44847.00012207028
YES,3360.0,33742.9962158203
NO,3260.0,48837.0018005371
NO,3920.0,50480.9989929199
NO,3910.0,80863.00086975099
NO,2730.0,66005.00106811519
NO,3540.0,65932.99865722659
NO,3650.0,54592.9985046387
YES,1350.0,23696.998596191406
NO,3820.0,44412.9981994629
NO,4460.0,20302.001953125
NO,3990.0,7986.0000610352
YES,3500.0,23352.996826171904
YES,3370.0,21132.003784179706
YES,4240.0,37673.999786377004
YES,4330.0,45943.000793457
YES,3860.0,83002.0008087158
NO,4270.0,96619.99988555908
YES,3400.0,49283.0009460449
YES,2700.0,77673.999786377
NO,4390.0,40074.001312255896
YES,4350.0,-62921.005249023
NO,4340.0,-63680.999755859004
NO,4490.0,66255.00106811519
NO,4350.0,27135.002136230498
NO,1580.0,-53356.99462890599
NO,2180.0,-113714.996337891
NO,3680.0,1010.0021362305124
NO,3110.0,6829.002380371094
NO,3630.0,14611.0000610352
NO,3620.0,29351.997375488296
NO,2610.0,49430.999755859404
NO,4180.0,71003.0002593994
NO,4390.0,15315.002441406206
NO,2030.0,24973.9990234375
NO,3890.0,88762.0000839233
NO,3460.0,3591.003417968707
NO,3810.0,-3411.003112793013
NO,2630.0,50701.99966430661
NO,2460.0,59425.99868774409
NO,4360.0,9450.996398925796
NO,3050.0,-14900.001525879008
NO,3150.0,15248.001098632798
NO,3700.0,11781.997680664004
YES,4220.0,57430.999755859404
YES,3120.0,60207.000732421904
YES,3890.0,96607.00011253355
NO,4250.0,89666.99981689449
YES,3820.0,84404.0002822876
NO,4410.0,67544.99816894531
YES,4210.0,76620.0008392334
YES,3760.0,73513.00048828119
YES,4030.0,79281.9995880127
YES,4270.0,91350.99983215332
YES,4180.0,75205.9993743896
NO,4250.0,82409.9998474121
NO,3950.0,57483.001708984404
NO,4470.0,72267.0001983643
YES,4450.0,88543.99967193599
NO,4170.0,76618.9994812012
YES,4490.0,67512.0010375977
YES,4260.0,68784.9998474121
YES,4250.0,87758.9998245239
NO,4350.0,64521.999359130896
YES,3960.0,60458.9996337891
YES,3530.0,59955.001831054695
NO,3930.0,97891.00003242493
YES,2890.0,76891.00074768071
NO,3500.0,92630.00011444092
NO,3200.0,83313.9991760254
YES,3200.0,74028.9993286133
YES,2350.0,92236.99998855592
YES,3100.0,91032.9999923706
NO,3290.0,86427.0000457764
NO,2560.0,54466.9990539551
YES,4480.0,67469.0017700195
YES,4010.0,59051.9981384277
YES,4070.0,41254.001617431604
NO,4050.0,44889.9993896484
NO,3440.0,73277.9998779297
NO,3520.0,80843.0004119873
YES,3470.0,83767.9996490479
YES,3520.0,76160.9992980957
YES,3940.0,42659.000396728494
NO,3970.0,46187.9997253418
NO,4330.0,81134.0007781982
NO,4420.0,73517.9996490479
YES,4330.0,72070.9991455078
NO,4440.0,72587.9993438721
YES,4310.0,66569.99969482419
YES,4170.0,51666.0003662109
YES,3890.0,38592.9985046387
NO,4370.0,40358.0017089844
YES,3780.0,65717.9985046387
YES,4020.0,61215.0001525879
YES,3960.0,64250.9994506836
YES,4060.0,58410.9992980957
NO,2840.0,94639.99986648561
YES,4070.0,75499.00054931639
NO,4470.0,76208.0001831055
YES,4020.0,70284.0003967285
NO,4250.0,72000.0
YES,4400.0,54972.00012207028
YES,3530.0,51227.001190185496
YES,2590.0,56441.001892089786
YES,4250.0,21467.0028686523
NO,3980.0,15607.002258300796
NO,3720.0,11581.001281738296
NO,3840.0,-24914.001464843997
NO,3540.0,-50210.99853515599
NO,3660.0,-10517.997741699
YES,3000.0,20683.9981079102
YES,3850.0,58026.0009765625
YES,3910.0,40205.00183105471
YES,3620.0,-2739.9978637700115
YES,3010.0,8626.998901367202
YES,2790.0,-34421.005249023
YES,3330.0,-52891.006469727
NO,3510.0,50455.00183105472
NO,3760.0,60930.999755859404
YES,3430.0,-11248.001098633003
YES,4250.0,30610.000610351606
YES,3810.0,71117.000579834
NO,3610.0,88791.0003662109
YES,4020.0,63651.0009765625
YES,3870.0,69790.0009155273
YES,4280.0,67900.00152587889
YES,4050.0,82003.0002593994
YES,3490.0,70465.9996032715
YES,3650.0,82846.0006713867
YES,3580.0,87597.0001220703
NO,3570.0,61854.0000915527
NO,4250.0,77261.99913024901
NO,4020.0,89602.99968719481
YES,4280.0,94728.00016403197
YES,3110.0,79486.0000610352
NO,3280.0,63993.0000305176
NO,3080.0,70559.0000152588
NO,4450.0,82361.0000610352
NO,4470.0,67493.9994812012
YES,3710.0,64331.0012817383
YES,4240.0,64331.0012817383
NO,4470.0,60044.998168945305
YES,4300.0,39520.999908447295
NO,4380.0,15248.001098632798
NO,4310.0,39249.0005493164
YES,4020.0,75492.000579834
YES,4070.0,67008.99887084961
NO,3770.0,82740.9992218018
NO,4060.0,91475.99983215332
YES,3950.0,45806.999206543
NO,4150.0,67712.00180053711
NO,4180.0,63431.999206543005
NO,4280.0,50238.9984130859
NO,4390.0,58902.0004272461
NO,4280.0,87895.99990844731
YES,3860.0,33545.997619628884
NO,4310.0,62304.000854492195
NO,3980.0,77674.9992370605
YES,4380.0,56046.0014343262
NO,4430.0,78030.0006866455
NO,4480.0,75951.9996643066
NO,4480.0,78854.00009155269
NO,4490.0,86036.00025177
NO,4350.0,77716.99905395509
NO,4320.0,88939.0001296997
NO,1270.0,-73871.99401855501
NO,3860.0,10772.00317382808
YES,3650.0,83356.0009002686
NO,4000.0,94539.00003433226
NO,3220.0,76826.9996643066
NO,4250.0,83843.9998626709
NO,4340.0,77591.99905395509
NO,4370.0,85784.0003967285
YES,3820.0,63946.9985961914
YES,3950.0,88493.00003051759
NO,3570.0,91713.0002975464
NO,4190.0,87774.0001678467
NO,3750.0,64549.999237060496
NO,4040.0,89970.00026702881
NO,4470.0,81066.9994354248
NO,4290.0,88984.9996566772
NO,3220.0,86805.0003051758
NO,3680.0,65277.999877929695
NO,4440.0,75305.0003051758
YES,3790.0,60127.9983520508
YES,3560.0,66847.99957275389
YES,3370.0,73260.00022888179
NO,4130.0,93144.00005340576
YES,4440.0,65030.998229980505
YES,3080.0,89602.00023651119
NO,4090.0,61068.000793457
YES,3660.0,66094.0017700195
YES,3570.0,72974.0009307861
NO,4000.0,54313.9991760254
YES,4350.0,91722.9995727539
NO,3510.0,87402.00042724611
YES,4290.0,71774.9996185303
YES,3970.0,60066.001892089786
NO,3950.0,92757.99989700316
YES,4110.0,59929.000854492195
YES,1970.0,42895.0004577637
YES,230.0,61117.000579834006
YES,3900.0,40481.99844360349
YES,3630.0,59455.001831054695
YES,3590.0,78704.0004730225
YES,3730.0,66561.00082397461
YES,4070.0,65497.0016479492
YES,4090.0,83771.9993591309
YES,3960.0,48261.0015869141
YES,3460.0,58345.001220703096
YES,4080.0,51987.998962402286
YES,3360.0,59762.001037597714
YES,3570.0,68666.0003662109
YES,4150.0,83055.9997558594
YES,4290.0,82041.0003662109
YES,4040.0,82232.9998016357
YES,4250.0,77320.9991455078
YES,3710.0,67034.0003967285
YES,4130.0,78061.0008239746
YES,4420.0,62691.001892089786
YES,4270.0,85585.000038147
YES,3200.0,82815.9999847412
YES,3180.0,36437.999725341804
YES,3340.0,37040.000915527286
YES,4120.0,53472.9995727539
NO,3770.0,60219.001770019495
YES,3290.0,70788.00010681151
YES,4130.0,74583.9996337891
YES,4240.0,78579.0004730225
NO,2990.0,64780.998229980505
YES,3260.0,59215.0001525879
NO,3220.0,53027.99987792972
NO,3260.0,16095.001220703096
NO,2780.0,64819.9996948242
NO,3710.0,-56018.00537109401
NO,2130.0,-16516.998291016003
NO,3290.0,-11880.996704101999
YES,2790.0,-14776.000976562995
YES,2420.0,-19876.998901367
YES,3310.0,-50330.99365234401
YES,4300.0,38784.000396728494
YES,3550.0,55244.9989318848
YES,3800.0,65257.999420165994
YES,3780.0,41464.000701904304
NO,3640.0,50208.9996337891
YES,3880.0,42558.998107910214
YES,4120.0,83966.99905395509
YES,3360.0,80576.9996643066
YES,3630.0,84701.9996643066
YES,3990.0,91859.99965667725
NO,4380.0,65041.999816894495
YES,3860.0,58463.0012512207
NO,3310.0,49604.9995422363
YES,2620.0,50237.998962402286
YES,3490.0,67750.99945068361
YES,3720.0,76732.9998016357
NO,3600.0,65707.0007324219
NO,3800.0,49167.999267578096
NO,3860.0,53590.99960327151
NO,2920.0,68277.00042724611
NO,3300.0,82115.9992218018
YES,3930.0,79302.0000457764
NO,3810.0,74205.9993743896
YES,3680.0,57687.9997253418
YES,2990.0,56263.0004882812
NO,2120.0,61254.001617431604
YES,3760.0,84944.9996948242
NO,2110.0,92447.00002670287
YES,2230.0,73495.0008392334
YES,4220.0,64412.9981994629
NO,3010.0,81180.0003051758
YES,2750.0,74485.0006103516
YES,3590.0,85208.9996337891
NO,4340.0,91279.0002822876
YES,4380.0,95863.9998435974
YES,3720.0,80725.9998321533
YES,3490.0,68652.9998779297
YES,4250.0,69055.0003051758
YES,4210.0,64127.9983520508
YES,4370.0,49541.9998168945
YES,4320.0,46181.999206543
YES,3750.0,47868.0000305176
YES,3910.0,45983.001708984404
NO,4340.0,50944.9996948242
YES,3890.0,60896.999359130896
YES,2800.0,64515.998840332
YES,3990.0,46154.998779296904
NO,4440.0,50558.998107910214
NO,4360.0,30915.0009155273
YES,4330.0,34724.998474121116
YES,3890.0,11957.000732421919
YES,3620.0,37375.0
NO,4150.0,37951.000213622996
NO,4200.0,30801.002502441388
YES,3740.0,57196.9985961914
NO,3040.0,63125.0
NO,4080.0,63506.00051879879
NO,4130.0,51611.000061035214
YES,1070.0,75052.0000457764
YES,3990.0,67237.9989624023
NO,3190.0,39421.0014343262
NO,1080.0,17129.997253417998
NO,3320.0,37486.000061035214
YES,3770.0,35885.0021362305
YES,4250.0,17972.999572753906
YES,4260.0,61053.0014038086
YES,3800.0,65668.99871826169
YES,2960.0,60577.9991149902
NO,3660.0,73482.0003509521
NO,3810.0,70784.9998474121
NO,4370.0,50145.999908447295
NO,3870.0,2486.9995117187063
NO,2760.0,9075.996398925796
NO,2790.0,19155.998229980494
NO,3650.0,45494.9989318848
YES,4360.0,42263.0004882812
YES,3000.0,10028.999328613296
NO,2150.0,12981.002807617202
NO,2910.0,12859.001159668012
NO,3100.0,31577.003479003888
YES,1420.0,5913.0020141602
NO,1690.0,16690.002441406206
YES,4110.0,83565.9999847412
NO,4400.0,40238.9984130859
NO,2530.0,62421.00143432621
YES,3240.0,55527.99987792972
YES,2130.0,46435.001373290994
YES,2180.0,52715.0001525879
YES,3300.0,33081.001281738296
YES,3190.0,48749.0005493164
YES,2570.0,60648.998260497996
NO,4490.0,40715.99960327151
YES,2450.0,45758.9988708496
YES,3090.0,44793.9987182617
YES,2830.0,66390.998840332
YES,3770.0,24528.999328613296
YES,1830.0,80775.9990692139
YES,3630.0,94487.99991607666
YES,2600.0,82834.9990844727
YES,3290.0,80740.9992218018
YES,2080.0,87032.99999237059
YES,3190.0,79482.9998016357
YES,2140.0,60247.0016479492
YES,1840.0,58537.9981994629
YES,2370.0,28250.999450683594
YES,3090.0,40528.9993286133
YES,3900.0,72534.9998474121
YES,320.0,17185.9970092773
YES,730.0,23083.99963378899
YES,2690.0,59301.9981384277
YES,3400.0,84642.0001983643
YES,2530.0,82268.9990997314
NO,2700.0,88958.9996337891
YES,3230.0,66747.00164794919
YES,2760.0,66669.99816894531
YES,1910.0,49955.00183105472
YES,4420.0,45201.000213622996
YES,3210.0,52573.001861572295
YES,2050.0,39458.0001831055
YES,1330.0,22016.9982910156
YES,3370.0,17250.0
YES,2790.0,42429.00085449221
YES,2800.0,17240.997314453096
YES,3630.0,-6053.001403808987
YES,3750.0,21320.9991455078
YES,2410.0,90005.99956512451
YES,3290.0,-549.0036010740005
YES,1970.0,89633.99982452391
YES,3940.0,93885.00022888184
YES,2480.0,74996.9997406006
YES,4000.0,71569.0002441406
NO,2950.0,70670.0000762939
NO,3560.0,74850.0003814697
NO,3540.0,90704.99992370604
YES,3680.0,87496.00028991699
YES,4480.0,92271.99983596803
YES,4110.0,74742.000579834
YES,4080.0,80520.0004577637
YES,4460.0,85637.0000839233
YES,4470.0,80580.9993743896
YES,4160.0,78718.9998626709
YES,3660.0,59923.000335693396
YES,3810.0,68600.9998321533
YES,4050.0,50223.9990234375
NO,1880.0,15413.0020141602
YES,1900.0,21981.0028076172
YES,1960.0,11869.003295898394
YES,4420.0,68503.0002593994
NO,3360.0,59548.000335693396
NO,3520.0,52873.00109863278
NO,4310.0,88149.99961853029
NO,4490.0,87875.0
YES,4370.0,70260.00022888179
YES,4470.0,84654.99973297119
YES,4390.0,48363.9984130859
NO,4310.0,50073.001861572295
NO,4060.0,37074.001312255896
YES,4330.0,82729.9995422363
NO,3770.0,64398.998260497996
NO,4080.0,59893.001556396506
YES,3290.0,42298.999786377004
YES,3780.0,57106.998443603494
YES,810.0,68458.9996337891
YES,2970.0,35911.003112793
YES,1040.0,61382.999420165994
YES,1220.0,57099.9984741211
YES,2440.0,56119.9989318848
YES,470.0,-23581.001281737987
YES,2710.0,-44708.999633789004
YES,1790.0,-54595.993041991984
YES,3240.0,-34102.99682617201
NO,2620.0,41388.0004882812
YES,3440.0,36419.99816894529
YES,4150.0,46875.0
NO,3880.0,38631.0005187988
YES,4300.0,78422.00088500981
YES,3660.0,79464.0007019043
NO,4090.0,66212.00180053711
NO,4310.0,91699.00035858154
NO,3800.0,75858.99925231929
NO,4250.0,46693.000793457
NO,4120.0,35874.000549316384
NO,4000.0,-49292.99926757798
NO,3040.0,-30201.00402832001
NO,3760.0,-14263.000488281003
NO,4230.0,-10458.999633789004
NO,4330.0,-12754.997253418012
NO,3760.0,15393.997192382798
NO,3520.0,9554.000854492202
YES,3980.0,96302.99997329713
YES,3440.0,77434.9994659424
NO,3480.0,91821.99954986572
YES,3750.0,79436.00082397461
YES,4440.0,79073.9994049072
YES,3760.0,82132.999420166
YES,4400.0,91284.99984741212
YES,3950.0,83334.9990844727
YES,4070.0,69072.00050354
YES,4430.0,50548.000335693396
YES,1280.0,74184.0000152588
YES,4300.0,69354.00009155269
YES,4190.0,70177.0000457764
YES,4430.0,78569.9996948242
YES,3540.0,87996.9997406006
NO,4060.0,92763.00001144408
NO,3810.0,84593.0004119873
NO,3740.0,92519.00005340576
YES,3690.0,70073.9994049072
YES,3970.0,74160.9992980957
YES,3930.0,83909.0003967285
NO,4420.0,77069.9996948242
YES,4300.0,80988.00086975099
YES,4390.0,73472.0001220703
NO,4340.0,90501.9998550415
NO,4370.0,83079.9999237061
NO,4140.0,77267.0001983643
NO,4370.0,88656.0001373291
NO,4390.0,95348.99997711182
YES,4150.0,96430.99999427797
YES,4390.0,84508.0003738403
NO,4490.0,85437.0002746582
YES,2480.0,71839.0007019043
NO,4470.0,92011.0001564026
YES,3850.0,96388.00001144408
YES,3980.0,73625.99945068361
YES,4150.0,89279.0002822876
NO,3900.0,76753.999710083
NO,1570.0,72235.0006103516
YES,4440.0,67853.00064086911
YES,3420.0,60659.000396728494
NO,3170.0,89875.0
YES,4170.0,70670.9995269775
YES,3920.0,79388.9999389648
YES,3720.0,80114.99977111821
YES,4100.0,95881.00004196168
YES,3770.0,87286.9997024536
YES,4480.0,86406.9995880127
YES,4040.0,80457.0007324219
YES,3740.0,83149.9996185303
NO,3810.0,79611.0000610352
YES,4450.0,83063.9991760254
YES,4370.0,92808.00008773805
YES,4030.0,91939.9995803833
NO,3750.0,92987.99991607666
YES,4030.0,36849.9984741211
YES,3540.0,42638.999938964786
YES,4280.0,65561.00082397461
NO,1260.0,97546.00000381471
NO,-240.0,63590.999603271506
YES,3790.0,90786.9997024536
NO,4440.0,85621.9997406006
NO,4470.0,89550.9996414185
NO,3360.0,49508.9988708496
NO,4270.0,92497.00021743773
NO,3910.0,84338.0002975464
YES,3560.0,87607.0003509521
NO,4100.0,82840.9996032715
YES,3510.0,87480.9999465942
NO,3720.0,99074.00000095367
YES,4480.0,97209.00011062624
YES,4230.0,75311.0008239746
YES,4180.0,72843.0004119873
YES,4260.0,87984.9996566772
YES,3450.0,69982.9998016357
YES,2820.0,84059.0000152588
YES,3930.0,79797.00088500981
YES,3930.0,91416.00036621094
NO,3560.0,73464.0007019043
YES,3630.0,59000.0
YES,4020.0,53561.0008239746
YES,4380.0,96967.99993515016
YES,4370.0,63227.001190185496
YES,2830.0,58290.000915527286
YES,4100.0,65346.0006713867
YES,3150.0,56574.001312255896
YES,3560.0,71523.0007171631
YES,3970.0,90359.99965667725
YES,4370.0,88026.0000228882
YES,3540.0,92723.00004959105
NO,2790.0,80679.0008544922
YES,3990.0,93493.00003051758
YES,4230.0,74048.0003356934
YES,4360.0,83142.0001983643
YES,4340.0,80735.0006103516
NO,4400.0,27166.999816894502
YES,4140.0,36674.999237060496
NO,4000.0,77818.000793457
YES,3250.0,75816.9994354248
NO,3240.0,75309.0000152588
NO,3980.0,73204.9999237061
YES,3200.0,94715.00015258788
NO,2010.0,68561.0008239746
YES,4130.0,33041.9998168945
YES,3810.0,86770.0004577637
YES,1740.0,76969.9993133545
YES,-1530.0,63585.9985351562
YES,780.0,69381.0005187988
NO,1330.0,87520.0004577637
YES,1420.0,94611.99998855592
YES,1790.0,92241.00017547607
YES,1480.0,57912.9981994629
YES,1680.0,93610.00013351439
YES,3000.0,85376.0004043579
YES,2110.0,88717.0000076294
YES,1880.0,88432.99961090092
YES,2870.0,13982.002258300796
YES,3320.0,90439.00012969966
NO,4120.0,71346.0006713867
YES,2310.0,58924.999237060496
YES,1640.0,58145.9999084473
YES,2820.0,72415.0009155273
NO,3640.0,89529.0002822876
YES,1540.0,65730.99899291991
YES,2120.0,75902.00042724611
YES,2900.0,89034.99984741211
YES,2550.0,94986.00006103516
YES,2020.0,67889.99938964841
YES,2730.0,72461.0004425049
YES,2630.0,67537.99819946289
YES,3330.0,85956.9997787476
YES,2920.0,88904.99973297119
YES,2830.0,91817.99983978273
YES,2820.0,96325.00004768373
YES,3080.0,83646.9993591309
YES,2390.0,77313.9991760254
YES,2970.0,67880.00106811519
YES,-60.0,84920.0000762939
YES,2620.0,94743.99995803832
YES,2040.0,80158.00094604491
YES,1880.0,77709.9990844727
NO,3330.0,53965.0001525879
YES,2610.0,76162.0006561279
YES,2340.0,71420.9995269775
YES,1690.0,79867.000579834
YES,-410.0,88307.0001602173
NO,2590.0,74971.0006713867
NO,4380.0,79832.0007324219
YES,3720.0,84435.99987030031
YES,2960.0,80930.0003051758
YES,2690.0,68472.99957275389
YES,2540.0,82381.99996948241
NO,3080.0,66368.9994812012
YES,1740.0,62020.9999084473
YES,3150.0,71208.9996337891
YES,2950.0,80718.9998626709
YES,3350.0,69232.0003509521
YES,4390.0,36345.0012207031
YES,3010.0,42714.000701904304
YES,1440.0,44590.99960327151
YES,3020.0,54748.00109863278
YES,2940.0,67120.99838256839
YES,3300.0,72941.9994354248
YES,2980.0,76179.0008544922
YES,2870.0,51226.001739502004
NO,4330.0,94770.99990844727
YES,1660.0,76150.9990692139
YES,2680.0,86548.999786377
YES,3120.0,68763.9999389648
NO,2180.0,37659.9998474121
NO,2530.0,67735.00061035159
NO,2140.0,58698.0018615723
YES,1740.0,57701.000213622996
NO,4080.0,45769.0010070801
NO,3540.0,54777.99987792972
NO,2140.0,39744.9989318848
NO,1730.0,33676.002502441384
NO,1550.0,35206.001281738296
NO,540.0,62126.998901367195
NO,1680.0,71110.0006103516
NO,220.0,53388.0004882812
NO,1140.0,47270.999908447295
NO,2030.0,41988.9984130859
NO,2280.0,51923.99978637701
YES,1990.0,59907.00149536129
NO,3710.0,28612.9989624023
NO,3050.0,25726.997375488296
YES,-280.0,49884.9983215332
YES,-1000.0,29382.003784179702
YES,1640.0,24678.001403808594
YES,2390.0,40419.99816894529
YES,2610.0,19334.9990844727
YES,3910.0,55623.00109863278
YES,1250.0,66006.0005187988
YES,3760.0,53453.9985656738
NO,260.0,52269.0010070801
NO,750.0,62554.000854492195
YES,3640.0,79606.0009002686
YES,1590.0,69840.0001525879
YES,2280.0,81989.99977111821
YES,2400.0,64575.000762939504
NO,2360.0,42327.99911499021
NO,1660.0,17365.997314453096
YES,1720.0,31401.0009765625
NO,1380.0,-13283.996582031003
NO,1880.0,27323.997497558594
YES,3170.0,25250.999450683594
NO,2020.0,29578.0029296875
NO,2210.0,39720.0012207031
NO,2760.0,77902.00042724611
YES,3440.0,45015.998840332
YES,3650.0,71375.0
YES,3050.0,97151.00002288818
YES,3300.0,96619.99988555908
YES,3850.0,70218.9998626709
NO,3020.0,82197.9999542236
YES,4040.0,79798.999786377
YES,3520.0,77600.9998321533
NO,4130.0,87475.0003814697
YES,4370.0,-40117.996215819985
NO,3790.0,-58485.000610352
YES,2950.0,-50768.997192383016
NO,2040.0,-72522.00317382801
YES,3600.0,-52029.006958008016
YES,2360.0,-51039.00146484401
YES,3050.0,-65416.000366210996
NO,-540.0,-67083.999633789
YES,3880.0,74422.00088500981
YES,2820.0,66700.00076293951
YES,1980.0,67794.99816894531
NO,3230.0,81951.9996643066
YES,3540.0,74694.0002441406
YES,3620.0,89696.00009918211
YES,3370.0,81815.0005340576
YES,3670.0,89895.99990844731
NO,1520.0,62478.000640869104
YES,3050.0,84583.0001831055
YES,4160.0,95658.99991989137
YES,2350.0,79433.0005645752
YES,3440.0,66320.99914550781
YES,4310.0,94265.99979400636
YES,2690.0,72481.0009002686
YES,3860.0,64841.9990539551
YES,3020.0,86432.99961090091
YES,3180.0,93690.9999847412
NO,3910.0,56471.0006713867
YES,4440.0,37599.9984741211
NO,2820.0,79062.9997253418
NO,3690.0,79517.0001983643
NO,3940.0,70124.00054931639
NO,3750.0,76896.9993591309
NO,4130.0,60176.9981384277
YES,3680.0,47643.001556396506
YES,3160.0,51470.001220703096
YES,4050.0,76013.00048828119
YES,3880.0,55359.001159668
YES,3680.0,74579.9999237061
YES,4190.0,36005.001068115205
NO,4430.0,13708.999633789004
YES,3000.0,11248.001098632798
YES,3780.0,34363.99841308601
NO,3090.0,4697.998046875
YES,3590.0,32508.003234863296
NO,3430.0,41366.0011291504
NO,3890.0,41789.0014648437
NO,3700.0,22117.996215820298
NO,3950.0,-6016.998291016003
NO,4050.0,-18441.001892090004
YES,3320.0,-19599.998474120992
YES,3740.0,-18359.00115966801
NO,3660.0,18987.9989624023
YES,4170.0,80364.99977111821
YES,3930.0,35642.997741699204
YES,4000.0,53133.9988708496
YES,4190.0,66220.0012207031
NO,3980.0,60353.000640869104
NO,4210.0,76854.9995422363
NO,4200.0,88633.00037384029
YES,4090.0,83313.9991760254
NO,4170.0,83561.0008239746
NO,4020.0,91970.00026702881
YES,3760.0,64081.0012817383
NO,3870.0,53930.999755859404
NO,4320.0,-122705.993652344
NO,3440.0,-84078.994750977
NO,3430.0,-31104.995727539004
YES,580.0,63798.99978637701
YES,3520.0,57082.000732421904
NO,3510.0,-85389.999389648
NO,3630.0,58297.0008850098
NO,3870.0,36098.9990234375
NO,3790.0,66733.0017089844
NO,3870.0,78231.0009002686
NO,4140.0,83679.0008544922
NO,3940.0,80013.00048828119
NO,4110.0,46520.999908447295
NO,4050.0,41486.9995117187
YES,3540.0,89758.00037384029
YES,3730.0,52528.9993286133
YES,3640.0,26574.996948242202
YES,3860.0,38647.9988098145
NO,3630.0,53469.0017700195
YES,3730.0,35978.9962768555
YES,4200.0,66416.00036621091
YES,4060.0,60853.000640869104
NO,4180.0,57160.9992980957
YES,2580.0,73231.0009002686
YES,2190.0,81299.9992370605
YES,1520.0,77740.9992218018
YES,2680.0,75698.9994049072
YES,3150.0,70627.0008087158
NO,1170.0,81239.99977111821
NO,3830.0,77806.999206543
YES,3590.0,82996.00028991699
NO,4430.0,92196.00009918213
YES,3070.0,84989.99977111821
YES,3810.0,20055.999755859404
NO,4260.0,56430.999755859404
YES,4290.0,75788.00010681151
YES,4060.0,88480.9999465942
YES,3480.0,59368.99948120121
YES,2330.0,59363.9984130859
YES,3440.0,70964.0007019043
YES,2650.0,80735.0006103516
YES,2390.0,67213.0012512207
NO,3770.0,66948.00186157231
YES,3180.0,55784.9998474121
NO,3580.0,32751.998901367202
YES,4340.0,82649.0001678467
YES,3030.0,51631.0005187988
YES,4080.0,-47863.998413085996
NO,3000.0,-30873.992919922017
NO,4060.0,90213.0002975464
NO,3100.0,-77330.99365234401
YES,2740.0,-118542.00744628899
NO,3210.0,-207790.985107422
YES,1890.0,-172380.00488281302
YES,520.0,70993.00003051759
NO,4320.0,73784.9998474121
NO,2790.0,64776.0009765625
YES,2590.0,62539.0014648437
YES,2750.0,90425.99964141846
NO,3680.0,49754.001617431604
NO,4470.0,84711.0004425049
NO,4390.0,80839.0007019043
NO,4360.0,68878.0002593994
NO,2500.0,67036.9987487793
NO,4010.0,69577.99911499019
YES,1770.0,59778.9993286133
YES,4220.0,52868.0000305176
YES,4280.0,40723.9990234375
YES,4110.0,68738.00086975099
YES,2060.0,71809.9994659424
NO,3360.0,79455.9993743896
YES,3820.0,79417.9992675781
NO,4320.0,61738.9984130859
NO,3580.0,51726.001739502004
NO,4310.0,43442.0013427734
NO,3030.0,65289.0014648437
YES,2080.0,55567.0013427734
NO,4030.0,9189.0029907227
NO,2580.0,16944.999694824204
YES,-2480.0,-27387.001037597987
NO,-2280.0,-14690.002441406003
NO,2960.0,2467.0028686523
YES,3660.0,20412.00256347659
NO,3160.0,5244.003295898394
NO,3060.0,26637.0010375977
NO,3280.0,4696.998596191406
NO,1510.0,-49992.00439453099
NO,2750.0,-48714.996337890996
YES,1110.0,-63041.000366210996
YES,3350.0,20443.000793457
YES,1790.0,30192.001342773397
YES,2190.0,-2332.000732422006
NO,2880.0,20519.99664306641
YES,3940.0,8558.9981079102
NO,3700.0,7510.0021362305115
YES,2770.0,18024.002075195294
NO,2800.0,25488.99841308601
YES,4270.0,85288.00010681151
YES,3220.0,70801.0005950928
NO,-2790.0,83069.9996948242
YES,160.0,85355.9999465942
NO,1100.0,69785.9992980957
NO,1790.0,65180.0003051758
NO,2670.0,57027.99987792972
NO,4110.0,65243.0000305176
YES,2630.0,82618.00003051759
YES,2460.0,78111.99951171869
YES,1630.0,27154.998779296904
YES,2440.0,51090.99960327151
YES,80.0,54238.9984130859
YES,40.0,46234.001159668
NO,-1890.0,45608.001708984404
YES,2620.0,58099.9984741211
YES,-1320.0,44747.0016479492
YES,2100.0,80591.99905395509
YES,-200.0,76704.9999237061
YES,3950.0,83534.9998474121
YES,3910.0,82429.0008544922
YES,3390.0,90343.0004119873
YES,2970.0,90765.00034332275
YES,4180.0,82714.0007019043
YES,4330.0,94671.99993133543
NO,3090.0,95447.00002670287
YES,3510.0,64398.998260497996
NO,2920.0,86592.00000762941
NO,3010.0,77715.9996032715
NO,2620.0,61162.9981994629
YES,3130.0,49367.000579834006
YES,4020.0,76527.00042724611
NO,2680.0,74818.000793457
YES,2260.0,65169.998168945305
YES,1790.0,69625.0
YES,3600.0,67993.9994812012
NO,4210.0,86071.0000991821
YES,3910.0,79966.99905395509
YES,3900.0,75958.0001831055
YES,4360.0,87126.9998550415
YES,3640.0,93006.99996948242
YES,3160.0,83739.0003204346
NO,2680.0,83656.9995880127
YES,1650.0,86343.0004119873
NO,3280.0,79974.0009307861
NO,3280.0,84958.9996337891
YES,3030.0,72351.9992828369
NO,4280.0,44874.0005493164
YES,3850.0,59152.999877929695
NO,3240.0,80415.0009155273
YES,2360.0,43771.999359130896
NO,3290.0,56720.001220703096
YES,2020.0,57990.0016784668
YES,4450.0,78583.9996337891
YES,2870.0,78405.0006866455
YES,1040.0,87647.00031280519
YES,2700.0,87579.0004730225
YES,210.0,91843.0004119873
YES,3830.0,88423.0003356934
NO,-70.0,69149.9996185303
YES,1990.0,35708.0001831055
YES,3270.0,71247.9991912842
NO,2490.0,75724.0009307861
NO,4370.0,84734.0002059937
NO,3820.0,90807.00016021727
YES,4200.0,76170.0000762939
YES,-1590.0,73465.0001525879
YES,2190.0,85043.0002212524
YES,3100.0,88206.00032806401
YES,1100.0,70107.0003509521
YES,-580.0,79641.00074768071
YES,1510.0,56432.9986572266
YES,1910.0,69569.0002441406
NO,1080.0,58391.998291015596
NO,3980.0,52043.9987182617
YES,3650.0,73216.99905395509
YES,4020.0,57674.999237060496
YES,3880.0,21051.00250244141
YES,4180.0,19430.999755859404
YES,4010.0,19676.00250244141
YES,3620.0,45073.001861572295
YES,4090.0,45610.0006103516
YES,3730.0,58404.998779296904
NO,3900.0,42886.0015869141
NO,4360.0,73555.0003051758
YES,4110.0,78385.00022888179
NO,4220.0,88857.0003509521
YES,4360.0,82989.99977111821
NO,4270.0,91586.99989318848
YES,4320.0,95781.0001373291
YES,2670.0,79294.0006256104
YES,2560.0,75464.0007019043
YES,2900.0,94048.99978637695
YES,3100.0,92842.0000076294
YES,4480.0,76190.0005340576
YES,950.0,12760.002136230512
YES,60.0,87506.99996948241
YES,-730.0,96930.0000667572
YES,1500.0,22771.003723144502
YES,2930.0,53710.9985351562
YES,2480.0,52034.000396728494
NO,2290.0,58335.9985351562
YES,2530.0,38819.0002441406
YES,4220.0,32774.0020751953
YES,1720.0,55575.000762939504
YES,2710.0,85244.9998855591
YES,3890.0,91230.99994659424
YES,2610.0,70229.9995422363
YES,1830.0,82955.9993743896
YES,2960.0,77304.0008544922
YES,3740.0,73569.9996948242
YES,2360.0,49627.9983520508
YES,2330.0,50414.0014648437
YES,3360.0,24694.0002441406
YES,3090.0,58148.998260497996
YES,2850.0,80413.9995574951
YES,3100.0,53811.0008239746
YES,3340.0,64111.9995117187
YES,2940.0,73785.9992980957
YES,3900.0,83024.9996185303
NO,3720.0,54527.99987792972
YES,2660.0,53695.99914550778
YES,2490.0,43095.0012207031
YES,1600.0,49307.9986572266
YES,1920.0,65713.0012512207
YES,2900.0,90920.00007629396
NO,4230.0,81726.9992828369
YES,-40.0,-138.00048828100262
YES,929.9999999999997,26956.001281738296
YES,-2370.0,40455.00183105471
YES,-3790.0,67074.00131225589
NO,1480.0,52937.0002746582
YES,1410.0,84696.99954986571
YES,1130.0,81226.9992828369
YES,2320.0,70049.9992370605
YES,-480.0,58574.001312255896
YES,1280.0,99350.00002384186
YES,-540.0,91324.00035858154
YES,-800.0,82627.0008087158
YES,-1080.0,67666.9998168945
YES,1200.0,82649.0001678467
YES,2850.0,75114.0003204346
YES,2260.0,59680.999755859404
YES,2500.0,57863.9984130859
YES,2020.0,82389.9993896484
YES,2740.0,82995.0008392334
YES,4330.0,84404.0002822876
YES,2600.0,61354.0000915527
YES,3980.0,16191.0018920898
YES,3900.0,23557.99865722659
YES,2250.0,38784.000396728494
YES,3170.0,44638.0004882812
YES,4180.0,60019.0010070801
NO,4250.0,53449.001312255896
YES,3750.0,62999.0005493164
YES,3950.0,67417.9992675781
YES,4170.0,77240.9992218018
YES,3870.0,95037.00017929076
YES,3880.0,46874.0005493164
NO,3650.0,77215.0001525879
YES,3750.0,72410.9992980957
YES,2750.0,46598.9990234375
YES,3030.0,30551.002502441388
YES,3320.0,60438.9991760254
NO,4460.0,76534.9998474121
YES,4360.0,83698.9994049072
YES,4200.0,57977.001190185496
YES,3900.0,86250.0
YES,2860.0,80746.00028991699
YES,1040.0,83034.0003967285
YES,4240.0,76493.9994812012
YES,-280.0,47699.001312255896
YES,3110.0,43973.9990234375
YES,3290.0,99408.999979496
YES,3540.0,75464.0007019043
YES,1550.0,62227.001190185496
NO,2080.0,34404.99877929689
NO,600.0,64206.0012817383
YES,10.0,95030.00020980836
YES,3490.0,22179.000854492202
YES,3180.0,-4458.999633789004
NO,4010.0,68441.9994354248
YES,2290.0,66048.99978637701
NO,2610.0,63390.998840332
YES,2300.0,70715.9996032715
YES,1100.0,67777.00042724611
YES,2050.0,74311.0008239746
YES,1340.0,89954.0004730225
YES,3900.0,67167.9992675781
NO,2930.0,67949.00131225589
YES,1930.0,56082.000732421904
YES,2890.0,50318.000793457
YES,2810.0,52090.0001525879
YES,2690.0,61216.9990539551
NO,4170.0,58231.998443603494
YES,4400.0,45955.00183105472
YES,3880.0,37680.0003051758
YES,4460.0,52637.001037597714
YES,3730.0,61846.0006713867
YES,3950.0,76819.9996948242
YES,4180.0,80636.99913024901
YES,4380.0,83586.0004425049
NO,3490.0,66858.0017089844
YES,4320.0,75093.9998626709
YES,3340.0,83732.0003509521
NO,4480.0,73236.0000610352
NO,4380.0,94525.00009536745
YES,4400.0,97282.00006484984
NO,4490.0,73920.0000762939
YES,3660.0,68854.9995422363
YES,4320.0,55429.00085449222
YES,4340.0,45432.9986572266
YES,4320.0,35521.0037231445
YES,4200.0,37616.0011291504
YES,4290.0,38423.000335693396
YES,4200.0,65133.9988708496
YES,4030.0,64558.998107910214
NO,2200.0,75555.0003051758
NO,4010.0,77676.0005950928
NO,3870.0,90529.0002822876
NO,4230.0,93471.00019454958
YES,4070.0,88982.0003509521
NO,1630.0,94559.99994277953
NO,3750.0,77297.00088500981
YES,2310.0,61418.9987182617
NO,4400.0,61263.999938964786
YES,4270.0,43784.9998474121
YES,2310.0,51148.998260497996
YES,2390.0,44165.000915527286
YES,1570.0,37195.99914550779
NO,910.0,48307.9986572266
NO,2770.0,67513.9999389648
YES,2650.0,68048.999786377
NO,380.0,44847.9995727539
NO,3010.0,39327.99911499021
NO,3990.0,10109.00115966801
NO,1770.0,6401.0009765625
NO,3690.0,-66361.99951171901
YES,4150.0,-77266.998291016
NO,4160.0,-58292.99926757798
NO,2890.0,33297.996520996116
NO,3640.0,25822.998046875
NO,4250.0,59883.9988708496
YES,3750.0,32402.000427246112
YES,3660.0,81777.9998779297
NO,4120.0,18040.0009155273
NO,3950.0,50457.000732421904
NO,3600.0,44223.9990234375
NO,3970.0,47962.0018005371
NO,3850.0,1124.0005493164062
NO,3850.0,5214.996337890581
NO,4110.0,-4093.002319335996
NO,3930.0,33241.996765136704
YES,3910.0,55308.998107910214
NO,2960.0,2161.0031127930124
YES,4170.0,-4314.002990722991
YES,4370.0,-7079.002380370993
NO,3910.0,33160.00366210939
YES,4040.0,82610.0006103516
NO,4260.0,51194.000244140596
YES,2620.0,69549.9992370605
NO,4310.0,69315.0005340576
NO,4030.0,58653.9993286133
YES,3090.0,33253.99780273439
YES,3140.0,62567.0013427734
NO,4080.0,64155.998229980505
NO,2600.0,88298.0003356934
NO,3290.0,62398.998260497996
NO,3920.0,69288.00010681151
YES,4020.0,46502.9983520508
NO,4160.0,31549.003601074204
NO,4260.0,24083.000183105498
NO,4040.0,15165.0009155273
NO,3690.0,-28621.002197265985
YES,1830.0,-40531.005859375
NO,2200.0,-28388.000488280988
YES,3730.0,-53173.004150390996
NO,4130.0,-72733.993530273
NO,2770.0,-70220.00122070298
YES,3070.0,-75725.006103516
NO,3920.0,6783.996582031206
NO,3890.0,19915.0009155273
NO,3300.0,-8911.00311279301
YES,2790.0,31443.000793457002
NO,4170.0,-39080.99365234401
YES,3640.0,-27642.997741699
YES,3580.0,49578.9985656738
NO,4460.0,60425.99868774409
NO,2720.0,20278.999328613296
NO,2920.0,-27250.0
NO,4130.0,-34315.994262694985
NO,4090.0,-35104.00390625
NO,3550.0,-32244.003295897997
NO,3390.0,-18935.99700927701
YES,1620.0,39194.0002441406
YES,1510.0,12902.000427246094
YES,2280.0,44499.0005493164
YES,3570.0,63796.00143432621
YES,3140.0,53192.0013427734
YES,2620.0,32583.000183105498
YES,2910.0,6050.003051757798
NO,3340.0,29789.001464843706
NO,3490.0,-13008.00323486299
YES,-120.0,3777.999877929702
NO,590.0,-41244.003295898
YES,1630.0,-56123.001098633016
YES,1000.0,-79117.00439453099
YES,2970.0,-38363.998413086
NO,3810.0,4384.002685546919
NO,2670.0,37034.9998474121
YES,3860.0,87545.9995269775
YES,1690.0,54006.0005187988
NO,2420.0,-33873.001098633016
YES,2010.0,57368.0000305176
YES,2440.0,36584.999084472714
YES,3890.0,37146.999359130896
NO,3150.0,53672.0008850098
NO,2820.0,57381.00051879879
NO,3530.0,85543.0002212524
NO,2810.0,67423.99978637701
YES,3520.0,21458.000183105494
YES,3500.0,814.0029907226999
NO,3240.0,8218.002319335996
YES,3400.0,3290.0009155272996
NO,2210.0,-4166.000366210996
YES,2380.0,28799.003601074204
NO,3570.0,90326.99966430664
YES,3830.0,43433.998107910214
NO,2960.0,68031.9995880127
YES,2340.0,37602.001190185496
YES,2890.0,55986.9995117187
YES,1650.0,69378.999710083
YES,2650.0,67388.00048828119
NO,1740.0,31070.999145507798
NO,1810.0,6195.999145507798
YES,1810.0,-27690.002441406006
YES,1310.0,-35835.006713866984
YES,2010.0,-52783.004760741984
NO,2520.0,-38408.99658203099
NO,4210.0,4666.000366210996
YES,3690.0,-27280.99822997999
NO,4350.0,-9176.002502441012
NO,4000.0,1888.9999389648
NO,3100.0,-65707.00073242202
NO,2970.0,-87832.00073242199
NO,3980.0,-96503.005981445
NO,2870.0,-84399.00207519499
YES,2410.0,-99309.005737305
YES,2860.0,-69531.005859375
YES,3770.0,68466.99905395509
NO,3440.0,75309.9994659424
NO,3810.0,31554.000854492202
NO,4210.0,24063.00354003899
YES,4170.0,76767.9996490479
NO,4150.0,54240.0016784668
NO,4130.0,81047.00088500981
YES,2460.0,56533.0009460449
NO,3580.0,88708.9996337891
YES,3110.0,78096.0006713867
NO,3580.0,74996.000289917
NO,4010.0,54089.0007019043
YES,3270.0,52047.0008850098
NO,2670.0,29433.9981079102
YES,1820.0,37361.9995117187
YES,4440.0,85954.9999237061
YES,3800.0,91076.00021362305
YES,4380.0,92664.99996185304
YES,-660.0,71031.0001373291
YES,3790.0,78517.9996490479
YES,180.0,80978.0006408691
YES,4440.0,60834.999084472714
NO,4170.0,62721.0006713867
YES,4180.0,49418.9987182617
YES,3570.0,72868.00003051759
YES,3710.0,83641.00074768071
YES,3780.0,82541.9998168945
YES,4280.0,80469.99931335449
NO,2780.0,92413.00010681152
YES,4170.0,69124.00054931639
YES,3360.0,76354.9995422363
NO,4380.0,87847.0001220703
YES,3490.0,68929.0008544922
YES,4300.0,83729.00009155269
YES,4400.0,82885.9996795654
YES,4390.0,84505.0001144409
YES,3930.0,73513.00048828119
YES,3800.0,56858.001708984404
YES,4080.0,74312.9997253418
YES,2790.0,90024.00016784668
YES,3900.0,93459.00011062624
YES,3990.0,56715.0001525879
YES,4100.0,28870.002746582002
YES,3840.0,29968.00231933601
YES,3380.0,29978.996276855498
YES,3530.0,7319.000244140581
YES,3970.0,18108.001708984404
NO,3600.0,20097.000122070294
NO,4170.0,44938.9991760254
YES,4210.0,76174.9992370605
YES,3240.0,39948.001861572295
YES,3510.0,60667.999267578096
NO,3930.0,80750.99945068361
YES,3820.0,85755.9995651245
YES,3290.0,52151.0009765625
YES,3210.0,48284.9998474121
YES,3250.0,42612.998962402286
YES,4050.0,92852.00023651123
YES,3910.0,80816.9994354248
YES,3770.0,70018.9990997314
YES,3750.0,64294.998168945305
YES,3850.0,46605.9989929199
YES,4080.0,63251.998901367195
YES,4100.0,65194.9996948242
YES,4140.0,86373.0001449585
NO,2820.0,65888.00048828119
YES,3720.0,86897.9997634888
YES,4250.0,85906.0001373291
YES,4180.0,90057.00016021729
YES,3350.0,15831.001281738296
YES,3200.0,21974.99847412109
YES,-180.0,51321.9985961914
YES,4350.0,71667.9992675781
YES,4430.0,82152.00042724611
YES,4130.0,16280.998229980498
YES,4020.0,75611.0000610352
YES,4480.0,77024.0001678467
YES,4420.0,95993.99995803832
YES,4410.0,71551.0005950928
YES,3470.0,89236.0000610352
NO,4400.0,94614.99977111816
NO,4310.0,74923.0003356934
NO,4320.0,78143.9990997314
YES,4070.0,91463.99974822998
YES,4260.0,91175.99964141846
NO,4280.0,86111.0000610352
NO,4380.0,63603.000640869104
NO,4290.0,89333.00018310551
NO,4470.0,94419.00014877321
NO,4400.0,90668.99967193604
NO,2800.0,-20097.999572754008
NO,2290.0,-42522.99499511698
NO,1800.0,-45557.006835937995
NO,3650.0,1494.0032958983938
NO,4010.0,15515.998840332002
NO,3020.0,8997.001647949204
NO,3970.0,59870.998382568396
NO,3680.0,95727.00023651123
YES,3960.0,78714.0007019043
YES,4430.0,84949.9998092651
YES,4290.0,80659.0003967285
NO,4370.0,63151.0009765625
YES,2350.0,70593.0004119873
YES,4100.0,80826.000213623
YES,4110.0,29997.001647949204
YES,3420.0,35258.003234863296
YES,3650.0,43702.99911499021
NO,3390.0,46449.001312255896
NO,3690.0,-905.9982299799884
NO,4180.0,18614.997863769506
NO,4110.0,31038.0020141602
YES,3880.0,10992.996215820298
NO,4440.0,65421.0014343262
NO,4230.0,51986.9995117187
YES,4460.0,83313.9991760254
YES,3830.0,33930.99975585939
YES,3660.0,67998.00109863281
YES,3680.0,87406.0001373291
YES,3880.0,71993.9994812012
YES,3830.0,51555.0003051758
YES,4150.0,71354.00009155269
YES,4110.0,74069.0002441406
YES,4010.0,54728.000640869104
NO,3820.0,50653.9993286133
NO,3920.0,28482.0022583008
NO,3970.0,24302.001953125
NO,3820.0,45597.00012207028
YES,3620.0,76851.9992828369
NO,3590.0,68614.0003204346
YES,4130.0,72117.000579834
NO,4350.0,558.9981079101999
NO,4450.0,-15994.003295898001
YES,4450.0,39568.000793457
NO,4410.0,68760.9996795654
NO,4470.0,50799.999237060496
YES,4190.0,68729.00009155269
YES,4130.0,91187.9997253418
YES,4230.0,72111.0000610352
NO,4300.0,51750.0
YES,4350.0,57405.998229980505
NO,4050.0,40179.00085449221
YES,2400.0,91899.99961853027
NO,4440.0,68920.0000762939
YES,4170.0,64362.998962402286
YES,4300.0,89454.0004730225
NO,4060.0,92688.00020217897
YES,4270.0,89350.9998321533
YES,4480.0,88005.9995651245
YES,3010.0,9958.999633789004
YES,1490.0,88397.00031280519
YES,-90.0,78388.9999389648
YES,1500.0,88906.0001373291
NO,2960.0,-38309.99755859401
NO,2620.0,-33134.994506836
NO,3040.0,-52464.004516602
NO,3110.0,-54082.992553710996
YES,2070.0,3920.997619629008
NO,2250.0,3351.997375488296
NO,2480.0,-28108.001708984008
NO,3300.0,-60994.995117187995
NO,3060.0,-69274.00207519499
YES,3200.0,-34970.00122070299
NO,3040.0,-27193.000793456988
NO,3200.0,-35214.004516602
NO,3970.0,109.0011596680124
NO,3160.0,-3031.9976806640043
NO,3260.0,10732.002258300796
NO,3160.0,16568.000793457002
YES,3450.0,92664.00003433226
NO,4430.0,92449.99980926514
YES,3730.0,81440.0005340576
NO,4380.0,73749.00054931639
YES,1960.0,56693.000793457
YES,1580.0,38452.99911499021
YES,2460.0,52969.0017700195
YES,2840.0,14517.997741699204
NO,4340.0,74478.0006408691
NO,3800.0,55056.999206543
NO,4250.0,80681.999206543
NO,4450.0,74628.999710083
NO,4250.0,45576.000213622996
NO,4130.0,18833.999633788993
NO,3350.0,86420.0000762939
NO,3460.0,75995.0008392334
NO,4260.0,71784.9998474121
NO,4220.0,76058.0005645752
NO,4290.0,59703.99856567379
YES,4360.0,67757.999420166
YES,4020.0,84644.0000534058
NO,4050.0,72579.9999237061
NO,4150.0,84515.0003433228
YES,3970.0,73923.0003356934
YES,4350.0,54457.000732421904
NO,4400.0,55805.999755859404
NO,4410.0,76645.0004577637
NO,4380.0,78101.9992828369
YES,3850.0,69534.9998474121
NO,4170.0,82628.99971008301
YES,4240.0,66492.000579834
NO,4120.0,60026.0009765625
NO,4370.0,80079.0004730225
NO,4410.0,73334.9990844727
NO,4380.0,60837.0018005371
NO,4370.0,61058.998107910214
NO,4400.0,52226.001739502004
YES,4230.0,59456.0012817383
YES,4300.0,83395.0004577637
NO,4230.0,71745.0008392334
NO,4470.0,82624.00054931639
NO,4490.0,88595.00026702881
YES,3710.0,81520.0004577637
YES,2450.0,89222.9995727539
NO,4480.0,67416.9998168945
NO,4330.0,64192.0013427734
NO,4450.0,58887.001037597714
YES,2690.0,81562.0002746582
NO,4290.0,77186.0008239746
YES,4180.0,86215.0001525879
NO,4290.0,1967.0028686523
NO,4480.0,-53727.99682617202
NO,4090.0,63083.9996337891
NO,4490.0,64271.999359130896
YES,3080.0,76219.9993133545
NO,4450.0,85098.9999771118
NO,4340.0,86854.00009155269
NO,4050.0,38226.001739502004
NO,3370.0,34184.997558593706
NO,3860.0,16752.998352050796
NO,4300.0,-6494.003295898001
NO,4320.0,-25141.998291016007
NO,4380.0,50922.0008850098
NO,3550.0,28524.002075195298
NO,4050.0,-30912.00256347698
NO,3200.0,31991.996765136704
NO,3580.0,31481.002807617202
NO,3990.0,22103.996276855498
NO,3980.0,-5094.001770020012
NO,4300.0,-15763.000488281003
NO,3710.0,-28246.002197265985
NO,2650.0,-30208.999633789004
NO,3650.0,26129.997253417998
NO,4160.0,43376.99890136721
NO,4000.0,85829.9999237061
NO,3730.0,82145.0004577637
YES,3320.0,69179.0008544922
NO,3170.0,56046.0014343262
NO,3140.0,71839.0007019043
NO,2950.0,49652.99987792972
YES,3880.0,83709.9990844727
NO,3140.0,82232.9998016357
YES,3010.0,81951.000213623
YES,3530.0,60863.9984130859
YES,2780.0,85694.9996948242
YES,3840.0,73325.0007629395
YES,4400.0,68938.9991760254
YES,3380.0,69468.0004119873
YES,3490.0,72010.9996795654
YES,4090.0,88968.9998626709
YES,4330.0,87765.9997940063
YES,4190.0,75996.000289917
YES,3750.0,85213.0002975464
NO,3880.0,77997.9991912842
YES,3420.0,88187.0002746582
NO,4290.0,86286.00025177
NO,2470.0,75115.9992218018
YES,3900.0,93531.0001373291
NO,4460.0,89538.9995574951
NO,3870.0,57988.9984130859
NO,4490.0,75166.9998168945
NO,4480.0,80497.9991912842
NO,4400.0,22891.9982910156
NO,4240.0,22114.997863769502
NO,3910.0,14212.997436523408
YES,4000.0,25088.996887207002
NO,4390.0,-539.0014648439974
NO,3870.0,-25597.00012207001
NO,4140.0,-13698.997497558987
NO,3990.0,-19941.001892090004
YES,4380.0,5279.998779296919
NO,3780.0,-35910.003662109
NO,4420.0,21022.003173828096
NO,4370.0,12092.0028686523
NO,4240.0,11134.002685546919
YES,4220.0,40474.9984741211
NO,3890.0,42861.000061035214
NO,3640.0,46167.999267578096
YES,4440.0,31654.99877929689
NO,4260.0,56888.0004882812
NO,4460.0,90050.00019073486
YES,3990.0,93354.00009155273
YES,4270.0,61080.001831054695
YES,3830.0,40401.0009765625
YES,4390.0,56813.9991760254
YES,4170.0,90053.99990081787
YES,3910.0,58057.9986572266
YES,4490.0,70638.00048828119
YES,4210.0,83110.0006103516
NO,3670.0,68847.99957275389
YES,3170.0,81478.0006408691
YES,2820.0,56583.0001831055
NO,2730.0,84392.9996490479
YES,4160.0,41561.0008239746
YES,4390.0,74861.0000610352
NO,2170.0,92723.00004959105
YES,4400.0,72104.9995422363
NO,2490.0,63916.999816894495
YES,3960.0,64942.0013427734
YES,3640.0,69492.000579834
YES,3090.0,79107.9998016357
YES,4320.0,66004.00161743161
NO,4220.0,62777.999877929695
NO,4280.0,96474.99990463255
NO,4490.0,76795.0000762939
NO,3340.0,68006.99996948241
NO,3830.0,56240.0016784668
NO,3530.0,48369.9989318848
NO,3200.0,48304.00085449222
YES,2950.0,80329.9999237061
YES,4230.0,67784.0003967285
YES,3690.0,25918.998718261704
NO,4250.0,46456.0012817383
NO,3790.0,62895.00045776371
NO,4250.0,34790.0009155273
YES,4290.0,67230.99899291991
YES,4150.0,70798.0003356934
YES,3450.0,46310.001373290994
YES,4390.0,77232.9998016357
NO,4420.0,52324.001312255896
NO,4360.0,50311.0008239746
YES,4040.0,39172.0008850098
YES,4300.0,75750.99945068361
YES,3630.0,80386.99913024901
NO,4190.0,68930.9997558594
YES,4180.0,79896.9993591309
NO,4460.0,90895.99990844727
YES,3920.0,42759.998321533196
NO,4160.0,-3642.997741699001
NO,4420.0,-730.0033569339868
NO,4430.0,-4691.001892090004
NO,4480.0,62448.0018615723
NO,4420.0,72281.9995880127
NO,4360.0,89796.99993133539
NO,4470.0,90390.99979400636
NO,4190.0,85852.99968719481
NO,4470.0,51255.001068115205
YES,3720.0,75697.00050354
YES,4240.0,63015.998840332
YES,3610.0,57769.0010070801
YES,2490.0,71722.99957275389
YES,3320.0,70221.0006713867
YES,3370.0,28482.0022583008
YES,2730.0,30690.002441406206
YES,3530.0,69916.9998168945
YES,2140.0,59627.9983520508
YES,3070.0,52840.99960327151
YES,3580.0,-25307.998657227003
YES,3130.0,4800.003051757798
YES,4120.0,82743.00003051759
YES,3750.0,80979.9995422363
YES,2150.0,45144.0010070801
NO,2620.0,49009.9983215332
YES,4300.0,58929.000854492195
YES,3980.0,83614.99977111821
YES,4440.0,51728.000640869104
YES,3730.0,70645.0004577637
YES,3130.0,68333.0001831055
YES,3820.0,80861.99951171869
YES,3400.0,50550.99868774409
YES,3690.0,70193.000793457
YES,3720.0,40119.9989318848
YES,4200.0,15277.000427246094
YES,2920.0,6505.996704101606
YES,2840.0,-14147.003173827994
YES,3930.0,16510.002136230498
YES,3060.0,33197.998046875
YES,4170.0,78202.99911499019
YES,3750.0,73438.9991760254
NO,3940.0,94637.00008392334
NO,3480.0,12676.002502441406
NO,3340.0,1885.0021362305124
YES,3600.0,20406.997680663993
YES,3830.0,47849.9984741211
YES,3790.0,56751.99890136722
NO,4350.0,78783.00094604491
NO,4490.0,73589.0007019043
YES,3890.0,54144.0010070801
YES,4250.0,35526.0009765625
NO,3720.0,83476.9992828369
YES,3690.0,61660.9992980957
YES,3970.0,84243.00003051759
NO,3670.0,79746.9997406006
YES,3300.0,87357.9998016357
NO,4090.0,69927.99949646
NO,4190.0,59087.0018005371
NO,4110.0,51238.9984130859
YES,4400.0,83930.9997558594
NO,4200.0,66451.99966430661
NO,4130.0,86053.9999008179
YES,3900.0,65534.9998474121
YES,4180.0,54604.00009155271
YES,4380.0,81274.9996185303
YES,4150.0,81419.0006256104
YES,4070.0,70367.000579834
YES,4400.0,66120.99838256839
NO,4260.0,-1900.0015258790079
YES,3320.0,11219.001770019488
YES,4100.0,14936.996459961008
YES,3020.0,33661.003112793
YES,2970.0,21570.9991455078
NO,3140.0,25427.001953125
NO,3890.0,81179.0008544922
NO,4300.0,65257.999420165994
NO,4020.0,52594.0017700195
NO,3930.0,24586.9979858398
NO,3570.0,17597.000122070298
NO,4150.0,2151.0009765625
NO,3930.0,65609.001159668
NO,3310.0,4426.002502441406
YES,3650.0,40790.000915527286
NO,3980.0,85637.0000839233
NO,3860.0,-9663.002014159996
NO,3980.0,-1964.9963378910033
NO,2440.0,4401.0009765625
NO,3380.0,12147.003173828081
YES,3850.0,32544.998168945298
YES,4310.0,21013.00048828121
NO,3940.0,71697.00050354
NO,4020.0,95271.99983596803
NO,3850.0,77402.9998779297
NO,3640.0,66995.99838256839
NO,3960.0,63402.999877929695
YES,3500.0,66735.00061035159
YES,3810.0,52303.0014038086
NO,3780.0,36271.999359130896
NO,4170.0,-25563.003540039004
NO,4350.0,-12771.003723145011
NO,4020.0,-6363.998413085996
YES,4420.0,7251.998901367202
NO,4480.0,27150.001525878906
NO,3620.0,25926.002502441406
YES,4370.0,90555.99975585938
YES,4460.0,78406.9995880127
NO,4460.0,67973.9990234375
NO,4430.0,77333.0001831055
NO,4380.0,43129.001617431604
NO,4190.0,22500.999450683594
YES,4280.0,39137.001037597714
NO,4200.0,69087.9993438721
YES,4250.0,65833.0001831055
YES,3420.0,-315.0024414060026
YES,3820.0,-10008.00323486299
NO,1490.0,2486.0000610352
NO,1880.0,37713.001251220696
YES,3140.0,70084.9990844727
NO,2730.0,91710.00003814696
NO,2230.0,74256.0005187988
NO,3370.0,49974.9984741211
YES,3500.0,54630.001068115205
YES,3890.0,79378.0002593994
YES,4140.0,79054.0008544922
YES,3950.0,59047.0008850098
YES,3670.0,70350.9998321533
YES,3720.0,51339.0007019043
YES,4110.0,42533.0009460449
YES,3970.0,67860.00061035159
YES,4370.0,37314.998626709006
NO,3950.0,30467.0028686523
NO,3360.0,27862.9989624023
YES,2070.0,30111.999511718706
YES,3230.0,11224.998474121094
YES,2190.0,-4304.000854491998
YES,1230.0,16777.999877929702
YES,4150.0,73488.00086975099
YES,2260.0,63462.0018005371
YES,2810.0,95887.00008392334
YES,1750.0,86758.9998245239
YES,2080.0,62119.9989318848
YES,2050.0,47522.99880981449
YES,3810.0,82957.0007324219
YES,4420.0,82846.0006713867
YES,4220.0,94458.00018310547
YES,4420.0,83872.9991912842
YES,2310.0,76750.99945068361
YES,3340.0,73992.000579834
YES,3170.0,77937.0002746582
YES,3240.0,72457.0007324219
YES,2090.0,86340.9996032715
YES,1780.0,85487.0004653931
YES,2710.0,96500.99992752077
YES,3250.0,88067.9998397827
YES,2670.0,91305.00030517578
YES,2270.0,89909.99984741211
YES,3700.0,79613.00086975099
YES,3160.0,81563.99917602539
YES,3400.0,73465.0001525879
YES,3440.0,78365.9992218018
YES,1890.0,74601.9992828369
YES,2220.0,78165.0009155273
YES,650.0,63819.000244140596
YES,929.9999999999997,68847.0001220703
YES,1690.0,65054.000854492195
YES,4070.0,65506.9999694824
YES,1970.0,65451.000213622996
YES,-190.0,83784.9998474121
YES,-40.0,71489.0003204346
NO,4440.0,62821.9985961914
NO,4440.0,55688.9991760254
NO,3360.0,60619.9989318848
YES,3800.0,73181.999206543
NO,4430.0,85156.0001373291
NO,3300.0,71313.9991760254
NO,3710.0,29448.997497558594
YES,4440.0,90758.00037384033
NO,4490.0,87458.9996337891
NO,4030.0,69284.0003967285
NO,4150.0,61868.0000305176
NO,4030.0,38873.00109863279
NO,3680.0,60014.9993896484
NO,4290.0,69169.0006256104
NO,4190.0,68090.0001525879
NO,2380.0,64180.0003051758
YES,4270.0,73284.9998474121
YES,4380.0,68288.00010681151
YES,4140.0,79121.9997406006
NO,4260.0,85510.9996795654
YES,4440.0,78326.9996643066
YES,4490.0,91802.00004577637
YES,3800.0,89272.99976348881
YES,1650.0,87083.9996337891
NO,4440.0,91371.00028991699
YES,4390.0,79513.00048828119
YES,4200.0,84697.9999542236
NO,4310.0,84092.00000762941
NO,4270.0,88736.0000610352
YES,2220.0,74104.00009155269
YES,3290.0,79305.0003051758
YES,4340.0,65249.0005493164
YES,4250.0,41203.9985656738
YES,4140.0,51145.0004577637
YES,3990.0,66083.0001831055
YES,3980.0,63564.998626709006
YES,3670.0,90128.99971008301
YES,4470.0,58115.0016784668
NO,4400.0,69042.9992675781
NO,4370.0,-9763.999938965004
NO,4460.0,-8003.997802733997
YES,4340.0,-4555.999755858998
YES,3510.0,27835.998535156206
YES,4200.0,73438.9991760254
YES,4320.0,56132.999420165994
YES,4110.0,44826.99966430661
YES,2810.0,55370.998382568396
YES,4370.0,68618.9994812012
YES,2900.0,-16278.99932861299
YES,3370.0,-78412.002563477
YES,3550.0,-29889.007568359015
YES,3890.0,86446.99954986571
YES,3490.0,74455.9993743896
YES,2620.0,60049.999237060496
YES,2500.0,63084.999084472714
NO,3570.0,62005.0010681152
YES,4220.0,40256.9999694824
NO,4350.0,29244.003295898412
NO,4280.0,94521.99983596803
NO,4220.0,64992.000579834006
NO,4430.0,90114.00032043457
YES,4370.0,73507.999420166
NO,4470.0,65162.9981994629
YES,2310.0,94218.9998626709
NO,2400.0,89406.0001373291
NO,2050.0,76367.000579834
NO,3540.0,59534.9998474121
NO,3610.0,65546.0014343262
NO,4270.0,79082.0007324219
NO,4400.0,80937.9997253418
YES,1440.0,23146.003723144502
NO,3500.0,40492.000579834006
YES,4360.0,53021.999359130896
YES,4380.0,85595.9997177124
NO,3610.0,89557.0001602173
YES,3340.0,69031.0001373291
YES,2780.0,42556.999206543
NO,1230.0,71454.9999237061
NO,1740.0,48640.998840332
YES,1130.0,46701.99966430661
YES,1030.0,83201.9996643066
NO,2960.0,-48817.993164062995
NO,4050.0,45105.9989929199
YES,2840.0,45033.0009460449
YES,4020.0,41536.998748779304
YES,4100.0,58221.0006713867
YES,3940.0,93395.99990844727
YES,3820.0,89270.00045776369
YES,3850.0,80239.99977111821
YES,3830.0,66161.9987487793
YES,4110.0,36955.00183105471
NO,3890.0,60083.000183105505
NO,3460.0,-7336.997985840004
NO,4370.0,38080.00183105471
YES,4280.0,39499.0005493164
YES,4430.0,59658.0009460449
NO,4270.0,62164.0014648437
NO,4380.0,67876.99890136719
NO,4410.0,94356.999874115
NO,4150.0,87116.0001754761
YES,720.0,74419.0006256104
NO,4310.0,15316.0018920898
NO,4430.0,93422.99985885619
NO,4280.0,75913.00010681151
NO,4260.0,77361.99951171869
NO,4140.0,70045.9995269775
YES,3880.0,93125.0
NO,4460.0,74275.9990692139
NO,3860.0,70502.0008087158
NO,4240.0,59721.0006713867
NO,4320.0,62171.00143432621
NO,4380.0,76510.00022888179
NO,3820.0,68966.99905395509
NO,3970.0,67898.99826049799
NO,1870.0,-14000.999450683987
NO,1990.0,23822.998046875
NO,1920.0,23430.0003051758
NO,2010.0,41101.001739502004
NO,2300.0,52616.0011291504
NO,1220.0,60844.001770019495
YES,3130.0,59166.0003662109
NO,3890.0,74295.0000762939
NO,4330.0,51416.0003662109
NO,2410.0,49081.0012817383
NO,3910.0,53248.00109863278
NO,4150.0,60330.001831054695
NO,1980.0,-36126.99890136698
YES,1430.0,95244.99988555908
NO,4310.0,43941.001892089786
YES,3280.0,56610.0006103516
NO,4210.0,41374.0005493164
YES,4240.0,68599.0009307861
YES,3610.0,81711.99989318849
YES,2090.0,87251.9998550415
YES,4080.0,82073.9994049072
YES,4420.0,84112.9999160767
NO,4450.0,67537.99819946289
NO,3710.0,-80440.00244140599
NO,2120.0,-36427.993774414
YES,3460.0,-95184.005737305
NO,2750.0,-34001.00708007799
NO,4080.0,81423.999786377
YES,2980.0,80142.9996490479
YES,3120.0,94495.99981307985
YES,4430.0,66660.9992980957
YES,4370.0,80392.9996490479
YES,3720.0,90123.9995956421
NO,3790.0,56291.9998168945
NO,4090.0,31966.003417968706
NO,3860.0,50131.0005187988
NO,4030.0,66837.00180053711
NO,3950.0,89746.00028991699
NO,4180.0,72844.9993133545
NO,3880.0,56876.99890136722
NO,3740.0,37748.00109863279
YES,4210.0,76641.00074768071
NO,3840.0,71597.99957275389
YES,2110.0,51383.9988708496
NO,2610.0,65705.00183105469
NO,2800.0,58009.9983215332
YES,-2150.0,84199.0003585815
NO,3680.0,81302.99949646
YES,4110.0,76222.0001220703
NO,4210.0,67848.9990234375
YES,3740.0,55527.99987792972
NO,4420.0,93497.00021743773
YES,1250.0,25633.003234863296
YES,1070.0,36404.9987792969
YES,2390.0,39424.999237060496
YES,1780.0,58700.000762939504
NO,4110.0,77940.9999847412
NO,3850.0,73354.00009155269
NO,4280.0,69812.9997253418
NO,4310.0,63792.999267578096
NO,3590.0,50351.001739502004
NO,3660.0,19088.996887207
NO,2940.0,48236.9995117187
YES,1860.0,73771.9993591309
YES,2580.0,79861.99951171869
NO,4420.0,88128.0002593994
NO,4020.0,64491.0011291504
YES,3420.0,60922.0008850098
NO,4370.0,67333.99963378909
NO,4350.0,42379.001617431604
NO,2690.0,50098.9990234375
NO,3100.0,72549.9992370605
NO,1660.0,68545.0000762939
YES,4310.0,70427.0000457764
NO,3690.0,82559.9994659424
NO,4340.0,70913.00010681151
NO,4490.0,87225.0003814697
YES,4090.0,84182.0001602173
NO,4250.0,58444.000244140596
NO,4030.0,92222.00012207033
NO,4450.0,84576.9996643066
YES,330.0,44305.999755859404
YES,4370.0,24225.997924804702
YES,4110.0,47554.00085449222
YES,3450.0,52566.001892089786
NO,2920.0,36534.9998474121
NO,4370.0,57180.999755859404
NO,4240.0,76347.99957275389
YES,3590.0,52544.99816894528
YES,2200.0,60867.000579834006
NO,3800.0,13458.999633789004
YES,4030.0,35093.00231933601
NO,3820.0,56985.0006103516
YES,4240.0,86890.0003433228
YES,3630.0,89369.9998855591
NO,3740.0,82996.00028991699
NO,3790.0,-67024.993896484
NO,3660.0,-57936.996459960996
NO,1830.0,92407.00006484984
NO,3830.0,83968.9998626709
NO,2890.0,-43242.00439453099
YES,4140.0,-77272.00317382801
NO,1670.0,42238.9984130859
YES,2500.0,6573.997497558594
YES,1430.0,54256.0005187988
YES,2540.0,44314.998626709006
YES,1870.0,17967.0028686523
YES,4080.0,48650.0015258789
YES,2840.0,88965.00015258789
NO,3850.0,64909.9998474121
NO,3720.0,65554.00085449219
NO,3730.0,7879.9972534180115
YES,3810.0,78329.0004730225
NO,4230.0,80760.00022888179
YES,3410.0,-16107.002258301001
NO,4180.0,64561.0008239746
YES,2930.0,51055.999755859404
YES,3390.0,55845.001220703096
YES,2930.0,31194.999694824204
NO,2530.0,89.99633789058134
NO,4070.0,71854.9995422363
YES,3830.0,93842.99993515016
NO,3980.0,94027.99987792967
NO,4250.0,72680.9997558594
NO,3830.0,83656.0001373291
YES,3630.0,79066.9994354248
NO,3700.0,51316.001892089786
YES,3590.0,37916.9998168945
NO,3160.0,41154.9987792969
YES,3780.0,41005.00106811521
YES,4010.0,49169.99816894528
NO,4390.0,83163.00010681151
NO,3240.0,86744.0004348755
YES,3910.0,13265.998840331988
NO,3620.0,45194.9996948242
NO,3250.0,-23441.001892090004
NO,4420.0,-21415.00091552701
NO,4120.0,78002.0008087158
NO,2720.0,16586.9979858398
NO,3450.0,60852.001190185496
NO,2970.0,35848.9990234375
NO,4010.0,85760.9996795654
NO,4420.0,94127.99978256227
YES,1530.0,82205.9993743896
YES,-620.0,65480.9989929199
NO,2220.0,53363.9984130859
NO,4270.0,84350.9998321533
NO,4360.0,91093.0004119873
YES,4190.0,77729.00009155269
NO,4450.0,75882.999420166
NO,4410.0,73635.9996795654
YES,4130.0,84638.9999389648
YES,3490.0,61320.999145507805
YES,4250.0,81240.9992218018
YES,4390.0,67969.0017700195
NO,4220.0,47487.998962402286
NO,2530.0,-44576.995849609004
NO,1330.0,-51065.99426269499
NO,1910.0,71861.99951171869
NO,3380.0,79972.99957275389
NO,4090.0,74356.0009002686
YES,4280.0,16676.002502441406
NO,4300.0,16176.002502441406
YES,4020.0,56708.9996337891
YES,2190.0,65191.00189208981
YES,4380.0,81104.9995422363
NO,4280.0,84168.99967193599
NO,4360.0,68197.9999542236
NO,3930.0,97903.00011634828
YES,3630.0,37433.998107910214
YES,3810.0,79784.99984741211
YES,3600.0,88449.9998092651
YES,3100.0,21494.00329589841
NO,3780.0,45474.9984741211
NO,3630.0,27924.003601074204
YES,-2380.0,67269.00100708009
NO,1960.0,89369.9998855591
YES,3860.0,29119.003295898412
YES,3830.0,71186.0008239746
NO,4360.0,79674.9992370605
YES,810.0,82819.0002441406
YES,3060.0,94931.00023269652
YES,3820.0,78885.00022888179
YES,4380.0,72268.9990997314
NO,50.0,63451.000213622996
NO,610.0,39291.9998168945
NO,1100.0,45659.9998474121
NO,3950.0,52574.001312255896
YES,3560.0,63318.000793457
YES,1500.0,71363.00086975099
NO,3580.0,63765.998840332
NO,3670.0,66183.9981079102
NO,3870.0,39945.99914550779
NO,4060.0,-7438.003540039004
NO,4110.0,12980.003356933594
NO,4450.0,65946.99859619139
YES,4080.0,88322.99995422359
NO,4480.0,85616.9996261597
NO,4390.0,78452.99911499019
YES,4090.0,10893.997192382798
YES,-4650.0,28457.000732421904
YES,820.0,34652.9998779297
YES,3410.0,73218.0004119873
YES,2920.0,84399.0001678467
NO,4270.0,25748.001098632798
YES,3770.0,41506.9999694824
YES,3640.0,68916.0003662109
YES,3870.0,88262.99953460689
YES,3180.0,74525.9990692139
NO,2700.0,62901.0009765625
NO,3230.0,31999.000549316388
NO,2870.0,38667.9992675781
NO,4140.0,72075.0007629395
NO,4330.0,77709.9990844727
NO,4240.0,34045.997619628884
YES,3500.0,41209.999084472714
NO,3000.0,61618.99948120121
NO,4480.0,65782.0014953613
NO,3560.0,-9474.998474120992
YES,1750.0,65005.0010681152
NO,4320.0,54652.0004272461
YES,4150.0,65785.9992980957
YES,4440.0,74406.9995880127
YES,4350.0,45884.9983215332
YES,4430.0,63382.999420165994
NO,4480.0,65594.0017700195
NO,2950.0,81777.00042724611
NO,3720.0,93868.00003051758
NO,3380.0,35601.997375488296
NO,3480.0,29958.000183105498
NO,4200.0,11585.998535156206
NO,4410.0,35974.998474121116
NO,4470.0,2362.9989624023
NO,3280.0,-68488.00659179702
YES,1620.0,81906.0001373291
NO,4350.0,91116.00017547607
YES,3890.0,59515.998840332
YES,2500.0,91663.00010681152
YES,1340.0,75677.0000457764
YES,200.0,71722.99957275389
NO,3470.0,69110.0006103516
NO,4420.0,84272.00031280519
YES,3420.0,91008.00037384033
NO,4440.0,76768.9990997314
NO,4330.0,85965.0001525879
YES,2200.0,72969.9993133545
NO,1830.0,35274.0020751953
NO,2320.0,56742.000579834006
NO,3360.0,89559.0000152588
NO,3000.0,77010.00022888179
YES,4260.0,84487.9999160767
NO,4330.0,79160.9992980957
YES,2710.0,-19885.00213622999
NO,3480.0,61205.001831054695
YES,4410.0,58786.9987487793
YES,3570.0,58841.9990539551
YES,3650.0,57408.0009460449
YES,3930.0,93550.00019073486
NO,3120.0,73261.99913024901
NO,4390.0,92744.99988555908
NO,4430.0,92730.00001907347
NO,3800.0,88505.9995651245
NO,4430.0,86836.0004425049
YES,4140.0,88739.99977111821
YES,2460.0,74579.0004730225
YES,3870.0,65655.9982299805
YES,4420.0,37143.001556396506
NO,2140.0,-17690.002441406003
YES,2050.0,-45792.007446289004
NO,3720.0,-14544.998168945007
NO,2200.0,20415.0009155273
YES,2340.0,26636.00158691399
NO,4450.0,67839.0007019043
NO,4360.0,64777.999877929695
NO,4270.0,44353.000640869104
YES,4340.0,29413.0020141602
YES,3770.0,41085.9985351562
YES,3870.0,22265.998840332002
YES,3920.0,61929.000854492195
NO,4340.0,89868.00003051759
NO,2660.0,51699.001312255896
NO,4280.0,29000.0
NO,3740.0,61143.001556396506
NO,4270.0,20097.000122070294
NO,4430.0,-34595.00122070299
NO,4020.0,-53546.005249023
NO,4120.0,85142.0001983643
NO,4470.0,90022.99976348877
NO,4040.0,73680.0003051758
NO,4480.0,80652.9998779297
NO,3920.0,78614.0003204346
NO,4490.0,92291.99981689453
NO,4360.0,77158.00094604491
YES,4340.0,79156.0001373291
